      #Energy        TDOS
     -26.57940       0.00000
     -26.56840       0.00000
     -26.55740       0.00000
     -26.54640       0.00000
     -26.53540       0.00000
     -26.52440       0.00000
     -26.51240       0.00000
     -26.50140       0.00000
     -26.49040       0.00000
     -26.47940       0.00000
     -26.46840       0.00000
     -26.45740       0.00000
     -26.44640       0.00000
     -26.43540       0.00000
     -26.42440       0.00000
     -26.41240       0.00000
     -26.40140       0.00000
     -26.39040       0.00000
     -26.37940       0.00000
     -26.36840       0.00000
     -26.35740       0.00000
     -26.34640       0.00000
     -26.33540       0.00000
     -26.32440       0.00000
     -26.31240       0.00000
     -26.30140       0.00000
     -26.29040       0.00000
     -26.27940       0.00000
     -26.26840       0.00000
     -26.25740       0.00000
     -26.24640       0.00000
     -26.23540       0.00000
     -26.22440       0.00000
     -26.21240       0.00000
     -26.20140       0.00000
     -26.19040       0.00000
     -26.17940       0.00000
     -26.16840       0.00000
     -26.15740       0.00000
     -26.14640       0.00000
     -26.13540       0.00000
     -26.12440       0.00000
     -26.11240       0.00000
     -26.10140       0.00000
     -26.09040       0.00000
     -26.07940       0.00000
     -26.06840       0.00000
     -26.05740       0.00000
     -26.04640       0.00000
     -26.03540       0.00000
     -26.02440       0.00000
     -26.01240       0.00000
     -26.00140       0.00000
     -25.99040       0.00000
     -25.97940       0.00000
     -25.96840       0.00000
     -25.95740       0.00000
     -25.94640       0.00000
     -25.93540       0.00000
     -25.92340       0.00000
     -25.91240       0.00000
     -25.90140       0.00000
     -25.89040       0.00000
     -25.87940       0.00000
     -25.86840       0.00000
     -25.85740       0.00000
     -25.84640       0.00000
     -25.83540       0.00000
     -25.82340       0.00000
     -25.81240       0.00000
     -25.80140       0.00000
     -25.79040       0.00000
     -25.77940       0.00000
     -25.76840       0.00000
     -25.75740       0.00000
     -25.74640       0.00000
     -25.73540       0.00000
     -25.72340       0.00000
     -25.71240       0.00000
     -25.70140       0.00000
     -25.69040       0.00000
     -25.67940       0.00000
     -25.66840       0.00000
     -25.65740       0.00000
     -25.64640       0.00000
     -25.63540       0.00000
     -25.62340       0.00000
     -25.61240       0.00000
     -25.60140       0.00000
     -25.59040       0.00000
     -25.57940       0.00000
     -25.56840       0.00000
     -25.55740       0.00000
     -25.54640       0.00000
     -25.53540       0.00000
     -25.52340       0.00000
     -25.51240       0.00000
     -25.50140       0.00000
     -25.49040       0.00000
     -25.47940       0.00000
     -25.46840       0.00000
     -25.45740       0.00000
     -25.44640       0.00000
     -25.43540       0.00000
     -25.42340       0.00000
     -25.41240       0.00000
     -25.40140       0.00000
     -25.39040       0.00000
     -25.37940       0.00000
     -25.36840       0.00000
     -25.35740       0.00000
     -25.34640       0.00000
     -25.33540       0.00000
     -25.32340       0.00000
     -25.31240       0.00000
     -25.30140       0.00000
     -25.29040       0.00000
     -25.27940       0.00000
     -25.26840       0.00000
     -25.25740       0.00000
     -25.24640       0.00002
     -25.23540       0.00011
     -25.22340       0.00052
     -25.21240       0.00218
     -25.20140       0.00823
     -25.19040       0.02832
     -25.17940       0.08858
     -25.16840       0.25210
     -25.15740       0.65300
     -25.14640       1.54100
     -25.13540       3.31500
     -25.12340       6.51100
     -25.11240      11.69000
     -25.10140      19.21000
     -25.09040      29.00000
     -25.07940      40.33000
     -25.06840      51.94000
     -25.05740      62.35000
     -25.04640      70.37000
     -25.03540      75.45000
     -25.02340      77.62000
     -25.01240      77.20000
     -25.00140      74.41000
     -24.99040      69.21000
     -24.97940      61.54000
     -24.96840      51.74000
     -24.95740      40.67000
     -24.94640      29.64000
     -24.93540      19.88000
     -24.92340      12.22000
     -24.91240       6.85800
     -24.90140       3.50600
     -24.89040       1.63100
     -24.87940       0.68950
     -24.86840       0.26470
     -24.85740       0.09236
     -24.84640       0.02976
     -24.83540       0.01093
     -24.82340       0.01223
     -24.81240       0.03629
     -24.80140       0.11570
     -24.79040       0.33980
     -24.77940       0.90760
     -24.76840       2.20600
     -24.75740       4.87800
     -24.74640       9.82700
     -24.73540      18.05000
     -24.72340      30.26000
     -24.71240      46.42000
     -24.70140      65.32000
     -24.69040      84.68000
     -24.67940     101.80000
     -24.66840     114.30000
     -24.65740     121.60000
     -24.64640     124.50000
     -24.63540     124.70000
     -24.62340     124.40000
     -24.61240     124.50000
     -24.60140     124.70000
     -24.59040     123.70000
     -24.57940     121.00000
     -24.56840     117.60000
     -24.55740     116.70000
     -24.54640     123.20000
     -24.53540     141.50000
     -24.52340     173.80000
     -24.51240     218.90000
     -24.50140     272.30000
     -24.49040     328.10000
     -24.47940     381.10000
     -24.46840     428.20000
     -24.45740     468.60000
     -24.44640     503.00000
     -24.43540     530.80000
     -24.42340     549.00000
     -24.41240     552.40000
     -24.40140     536.20000
     -24.39040     498.90000
     -24.37940     445.00000
     -24.36840     384.00000
     -24.35740     327.30000
     -24.34640     283.60000
     -24.33540     256.90000
     -24.32340     244.80000
     -24.31240     240.90000
     -24.30140     237.10000
     -24.29040     226.10000
     -24.27940     204.30000
     -24.26840     172.20000
     -24.25740     134.20000
     -24.24640      96.04000
     -24.23440      62.87000
     -24.22340      37.55000
     -24.21240      20.43000
     -24.20140      10.11000
     -24.19040       4.55300
     -24.17940       1.87700
     -24.16840       0.74970
     -24.15740       0.41530
     -24.14640       0.58170
     -24.13440       1.31900
     -24.12340       3.01800
     -24.11240       6.37100
     -24.10140      12.29000
     -24.09040      21.67000
     -24.07940      34.97000
     -24.06840      51.81000
     -24.05740      70.66000
     -24.04640      89.14000
     -24.03440     104.70000
     -24.02340     115.50000
     -24.01240     121.20000
     -24.00140     122.90000
     -23.99040     122.50000
     -23.97940     121.70000
     -23.96840     121.20000
     -23.95740     120.20000
     -23.94640     116.70000
     -23.93440     108.90000
     -23.92340      95.95000
     -23.91240      78.88000
     -23.90140      60.12000
     -23.89040      42.59000
     -23.87940      28.76000
     -23.86840      20.02000
     -23.85740      16.66000
     -23.84640      18.24000
     -23.83440      23.76000
     -23.82340      31.94000
     -23.81240      41.28000
     -23.80140      50.26000
     -23.79040      57.72000
     -23.77940      63.11000
     -23.76840      66.50000
     -23.75740      68.40000
     -23.74640      69.22000
     -23.73440      68.92000
     -23.72340      66.98000
     -23.71240      62.70000
     -23.70140      55.71000
     -23.69040      46.40000
     -23.67940      35.86000
     -23.66840      25.54000
     -23.65740      16.68000
     -23.64640       9.95000
     -23.63440       5.41200
     -23.62340       2.67900
     -23.61240       1.20500
     -23.60140       0.49270
     -23.59040       0.18290
     -23.57940       0.06161
     -23.56840       0.01884
     -23.55740       0.00522
     -23.54640       0.00131
     -23.53440       0.00030
     -23.52340       0.00006
     -23.51240       0.00001
     -23.50140       0.00000
     -23.49040       0.00000
     -23.47940       0.00000
     -23.46840       0.00000
     -23.45740       0.00000
     -23.44640       0.00000
     -23.43440       0.00000
     -23.42340       0.00000
     -23.41240       0.00000
     -23.40140       0.00000
     -23.39040       0.00000
     -23.37940       0.00000
     -23.36840       0.00000
     -23.35740       0.00000
     -23.34640       0.00000
     -23.33440       0.00000
     -23.32340       0.00000
     -23.31240       0.00000
     -23.30140       0.00000
     -23.29040       0.00000
     -23.27940       0.00000
     -23.26840       0.00000
     -23.25740       0.00000
     -23.24640       0.00000
     -23.23440       0.00000
     -23.22340       0.00000
     -23.21240       0.00000
     -23.20140       0.00000
     -23.19040       0.00000
     -23.17940       0.00000
     -23.16840       0.00000
     -23.15740       0.00000
     -23.14640       0.00000
     -23.13440       0.00000
     -23.12340       0.00000
     -23.11240       0.00000
     -23.10140       0.00000
     -23.09040       0.00000
     -23.07940       0.00000
     -23.06840       0.00000
     -23.05740       0.00000
     -23.04640       0.00000
     -23.03440       0.00000
     -23.02340       0.00000
     -23.01240       0.00000
     -23.00140       0.00000
     -22.99040       0.00000
     -22.97940       0.00000
     -22.96840       0.00000
     -22.95740       0.00000
     -22.94640       0.00000
     -22.93440       0.00000
     -22.92340       0.00000
     -22.91240       0.00000
     -22.90140       0.00000
     -22.89040       0.00000
     -22.87940       0.00000
     -22.86840       0.00000
     -22.85740       0.00000
     -22.84640       0.00000
     -22.83440       0.00000
     -22.82340       0.00000
     -22.81240       0.00000
     -22.80140       0.00000
     -22.79040       0.00000
     -22.77940       0.00000
     -22.76840       0.00000
     -22.75740       0.00000
     -22.74640       0.00000
     -22.73440       0.00000
     -22.72340       0.00000
     -22.71240       0.00000
     -22.70140       0.00000
     -22.69040       0.00000
     -22.67940       0.00000
     -22.66840       0.00000
     -22.65740       0.00000
     -22.64640       0.00000
     -22.63440       0.00000
     -22.62340       0.00000
     -22.61240       0.00000
     -22.60140       0.00000
     -22.59040       0.00000
     -22.57940       0.00000
     -22.56840       0.00000
     -22.55740       0.00000
     -22.54640       0.00000
     -22.53440       0.00000
     -22.52340       0.00000
     -22.51240       0.00000
     -22.50140       0.00000
     -22.49040       0.00000
     -22.47940       0.00000
     -22.46840       0.00000
     -22.45740       0.00000
     -22.44540       0.00000
     -22.43440       0.00000
     -22.42340       0.00000
     -22.41240       0.00000
     -22.40140       0.00000
     -22.39040       0.00000
     -22.37940       0.00000
     -22.36840       0.00000
     -22.35740       0.00000
     -22.34540       0.00000
     -22.33440       0.00000
     -22.32340       0.00000
     -22.31240       0.00000
     -22.30140       0.00000
     -22.29040       0.00000
     -22.27940       0.00000
     -22.26840       0.00000
     -22.25740       0.00000
     -22.24540       0.00000
     -22.23440       0.00000
     -22.22340       0.00000
     -22.21240       0.00000
     -22.20140       0.00000
     -22.19040       0.00000
     -22.17940       0.00000
     -22.16840       0.00000
     -22.15740       0.00000
     -22.14540       0.00000
     -22.13440       0.00000
     -22.12340       0.00000
     -22.11240       0.00000
     -22.10140       0.00000
     -22.09040       0.00000
     -22.07940       0.00000
     -22.06840       0.00000
     -22.05740       0.00000
     -22.04540       0.00000
     -22.03440       0.00000
     -22.02340       0.00000
     -22.01240       0.00000
     -22.00140       0.00000
     -21.99040       0.00000
     -21.97940       0.00000
     -21.96840       0.00000
     -21.95740       0.00000
     -21.94540       0.00000
     -21.93440       0.00000
     -21.92340       0.00000
     -21.91240       0.00000
     -21.90140       0.00000
     -21.89040       0.00000
     -21.87940       0.00000
     -21.86840       0.00000
     -21.85740       0.00000
     -21.84540       0.00000
     -21.83440       0.00000
     -21.82340       0.00000
     -21.81240       0.00000
     -21.80140       0.00000
     -21.79040       0.00000
     -21.77940       0.00000
     -21.76840       0.00000
     -21.75740       0.00000
     -21.74540       0.00000
     -21.73440       0.00000
     -21.72340       0.00000
     -21.71240       0.00000
     -21.70140       0.00000
     -21.69040       0.00000
     -21.67940       0.00000
     -21.66840       0.00000
     -21.65740       0.00000
     -21.64540       0.00000
     -21.63440       0.00000
     -21.62340       0.00000
     -21.61240       0.00000
     -21.60140       0.00000
     -21.59040       0.00000
     -21.57940       0.00000
     -21.56840       0.00000
     -21.55740       0.00000
     -21.54540       0.00000
     -21.53440       0.00000
     -21.52340       0.00000
     -21.51240       0.00000
     -21.50140       0.00000
     -21.49040       0.00000
     -21.47940       0.00000
     -21.46840       0.00000
     -21.45740       0.00000
     -21.44540       0.00000
     -21.43440       0.00000
     -21.42340       0.00000
     -21.41240       0.00000
     -21.40140       0.00000
     -21.39040       0.00000
     -21.37940       0.00000
     -21.36840       0.00000
     -21.35740       0.00000
     -21.34540       0.00000
     -21.33440       0.00000
     -21.32340       0.00000
     -21.31240       0.00000
     -21.30140       0.00000
     -21.29040       0.00000
     -21.27940       0.00000
     -21.26840       0.00000
     -21.25740       0.00000
     -21.24540       0.00000
     -21.23440       0.00000
     -21.22340       0.00000
     -21.21240       0.00000
     -21.20140       0.00000
     -21.19040       0.00000
     -21.17940       0.00000
     -21.16840       0.00000
     -21.15740       0.00000
     -21.14540       0.00000
     -21.13440       0.00000
     -21.12340       0.00000
     -21.11240       0.00000
     -21.10140       0.00000
     -21.09040       0.00000
     -21.07940       0.00000
     -21.06840       0.00000
     -21.05740       0.00000
     -21.04540       0.00000
     -21.03440       0.00000
     -21.02340       0.00000
     -21.01240       0.00000
     -21.00140       0.00000
     -20.99040       0.00000
     -20.97940       0.00000
     -20.96840       0.00000
     -20.95740       0.00000
     -20.94540       0.00000
     -20.93440       0.00000
     -20.92340       0.00000
     -20.91240       0.00000
     -20.90140       0.00000
     -20.89040       0.00000
     -20.87940       0.00000
     -20.86840       0.00000
     -20.85740       0.00000
     -20.84540       0.00000
     -20.83440       0.00000
     -20.82340       0.00000
     -20.81240       0.00000
     -20.80140       0.00000
     -20.79040       0.00000
     -20.77940       0.00000
     -20.76840       0.00000
     -20.75640       0.00000
     -20.74540       0.00000
     -20.73440       0.00000
     -20.72340       0.00000
     -20.71240       0.00000
     -20.70140       0.00000
     -20.69040       0.00000
     -20.67940       0.00000
     -20.66840       0.00000
     -20.65640       0.00000
     -20.64540       0.00000
     -20.63440       0.00000
     -20.62340       0.00000
     -20.61240       0.00000
     -20.60140       0.00000
     -20.59040       0.00000
     -20.57940       0.00000
     -20.56840       0.00000
     -20.55640       0.00000
     -20.54540       0.00000
     -20.53440       0.00000
     -20.52340       0.00000
     -20.51240       0.00000
     -20.50140       0.00000
     -20.49040       0.00000
     -20.47940       0.00000
     -20.46840       0.00000
     -20.45640       0.00000
     -20.44540       0.00000
     -20.43440       0.00000
     -20.42340       0.00000
     -20.41240       0.00000
     -20.40140       0.00000
     -20.39040       0.00000
     -20.37940       0.00000
     -20.36840       0.00000
     -20.35640       0.00000
     -20.34540       0.00000
     -20.33440       0.00000
     -20.32340       0.00000
     -20.31240       0.00000
     -20.30140       0.00000
     -20.29040       0.00000
     -20.27940       0.00000
     -20.26840       0.00000
     -20.25640       0.00000
     -20.24540       0.00000
     -20.23440       0.00000
     -20.22340       0.00000
     -20.21240       0.00000
     -20.20140       0.00000
     -20.19040       0.00000
     -20.17940       0.00000
     -20.16840       0.00000
     -20.15640       0.00000
     -20.14540       0.00000
     -20.13440       0.00000
     -20.12340       0.00000
     -20.11240       0.00000
     -20.10140       0.00000
     -20.09040       0.00000
     -20.07940       0.00000
     -20.06840       0.00000
     -20.05640       0.00000
     -20.04540       0.00000
     -20.03440       0.00000
     -20.02340       0.00000
     -20.01240       0.00000
     -20.00140       0.00000
     -19.99040       0.00000
     -19.97940       0.00000
     -19.96840       0.00000
     -19.95640       0.00000
     -19.94540       0.00000
     -19.93440       0.00000
     -19.92340       0.00000
     -19.91240       0.00000
     -19.90140       0.00000
     -19.89040       0.00000
     -19.87940       0.00000
     -19.86840       0.00000
     -19.85640       0.00000
     -19.84540       0.00000
     -19.83440       0.00000
     -19.82340       0.00000
     -19.81240       0.00000
     -19.80140       0.00000
     -19.79040       0.00000
     -19.77940       0.00000
     -19.76840       0.00000
     -19.75640       0.00000
     -19.74540       0.00000
     -19.73440       0.00000
     -19.72340       0.00000
     -19.71240       0.00000
     -19.70140       0.00000
     -19.69040       0.00000
     -19.67940       0.00000
     -19.66840       0.00000
     -19.65640       0.00000
     -19.64540       0.00000
     -19.63440       0.00000
     -19.62340       0.00000
     -19.61240       0.00000
     -19.60140       0.00000
     -19.59040       0.00000
     -19.57940       0.00000
     -19.56840       0.00000
     -19.55640       0.00000
     -19.54540       0.00000
     -19.53440       0.00000
     -19.52340       0.00000
     -19.51240       0.00000
     -19.50140       0.00000
     -19.49040       0.00000
     -19.47940       0.00000
     -19.46840       0.00000
     -19.45640       0.00000
     -19.44540       0.00000
     -19.43440       0.00000
     -19.42340       0.00000
     -19.41240       0.00000
     -19.40140       0.00000
     -19.39040       0.00000
     -19.37940       0.00000
     -19.36840       0.00000
     -19.35640       0.00000
     -19.34540       0.00000
     -19.33440       0.00000
     -19.32340       0.00000
     -19.31240       0.00000
     -19.30140       0.00000
     -19.29040       0.00000
     -19.27940       0.00000
     -19.26840       0.00000
     -19.25640       0.00000
     -19.24540       0.00000
     -19.23440       0.00000
     -19.22340       0.00000
     -19.21240       0.00000
     -19.20140       0.00000
     -19.19040       0.00000
     -19.17940       0.00000
     -19.16840       0.00000
     -19.15640       0.00000
     -19.14540       0.00000
     -19.13440       0.00000
     -19.12340       0.00000
     -19.11240       0.00000
     -19.10140       0.00000
     -19.09040       0.00000
     -19.07940       0.00000
     -19.06740       0.00000
     -19.05640       0.00000
     -19.04540       0.00000
     -19.03440       0.00000
     -19.02340       0.00000
     -19.01240       0.00000
     -19.00140       0.00000
     -18.99040       0.00000
     -18.97940       0.00000
     -18.96740       0.00000
     -18.95640       0.00000
     -18.94540       0.00000
     -18.93440       0.00000
     -18.92340       0.00000
     -18.91240       0.00000
     -18.90140       0.00000
     -18.89040       0.00000
     -18.87940       0.00000
     -18.86740       0.00000
     -18.85640       0.00000
     -18.84540       0.00000
     -18.83440       0.00000
     -18.82340       0.00000
     -18.81240       0.00000
     -18.80140       0.00000
     -18.79040       0.00000
     -18.77940       0.00000
     -18.76740       0.00000
     -18.75640       0.00000
     -18.74540       0.00000
     -18.73440       0.00000
     -18.72340       0.00000
     -18.71240       0.00000
     -18.70140       0.00000
     -18.69040       0.00000
     -18.67940       0.00000
     -18.66740       0.00000
     -18.65640       0.00000
     -18.64540       0.00000
     -18.63440       0.00000
     -18.62340       0.00000
     -18.61240       0.00000
     -18.60140       0.00000
     -18.59040       0.00000
     -18.57940       0.00000
     -18.56740       0.00000
     -18.55640       0.00000
     -18.54540       0.00000
     -18.53440       0.00000
     -18.52340       0.00000
     -18.51240       0.00000
     -18.50140       0.00000
     -18.49040       0.00000
     -18.47940       0.00000
     -18.46740       0.00000
     -18.45640       0.00000
     -18.44540       0.00000
     -18.43440       0.00000
     -18.42340       0.00000
     -18.41240       0.00000
     -18.40140       0.00000
     -18.39040       0.00000
     -18.37940       0.00000
     -18.36740       0.00000
     -18.35640       0.00000
     -18.34540       0.00000
     -18.33440       0.00000
     -18.32340       0.00000
     -18.31240       0.00000
     -18.30140       0.00000
     -18.29040       0.00000
     -18.27940       0.00000
     -18.26740       0.00000
     -18.25640       0.00000
     -18.24540       0.00000
     -18.23440       0.00000
     -18.22340       0.00000
     -18.21240       0.00000
     -18.20140       0.00000
     -18.19040       0.00000
     -18.17940       0.00000
     -18.16740       0.00000
     -18.15640       0.00000
     -18.14540       0.00000
     -18.13440       0.00000
     -18.12340       0.00000
     -18.11240       0.00000
     -18.10140       0.00000
     -18.09040       0.00000
     -18.07940       0.00000
     -18.06740       0.00000
     -18.05640       0.00000
     -18.04540       0.00000
     -18.03440       0.00000
     -18.02340       0.00000
     -18.01240       0.00000
     -18.00140       0.00000
     -17.99040       0.00000
     -17.97940       0.00000
     -17.96740       0.00000
     -17.95640       0.00000
     -17.94540       0.00000
     -17.93440       0.00000
     -17.92340       0.00000
     -17.91240       0.00000
     -17.90140       0.00000
     -17.89040       0.00000
     -17.87940       0.00000
     -17.86740       0.00000
     -17.85640       0.00000
     -17.84540       0.00000
     -17.83440       0.00000
     -17.82340       0.00000
     -17.81240       0.00000
     -17.80140       0.00000
     -17.79040       0.00000
     -17.77940       0.00000
     -17.76740       0.00000
     -17.75640       0.00000
     -17.74540       0.00000
     -17.73440       0.00000
     -17.72340       0.00000
     -17.71240       0.00000
     -17.70140       0.00000
     -17.69040       0.00000
     -17.67940       0.00000
     -17.66740       0.00000
     -17.65640       0.00000
     -17.64540       0.00000
     -17.63440       0.00000
     -17.62340       0.00000
     -17.61240       0.00000
     -17.60140       0.00000
     -17.59040       0.00000
     -17.57940       0.00000
     -17.56740       0.00000
     -17.55640       0.00000
     -17.54540       0.00000
     -17.53440       0.00000
     -17.52340       0.00000
     -17.51240       0.00000
     -17.50140       0.00000
     -17.49040       0.00000
     -17.47940       0.00000
     -17.46740       0.00000
     -17.45640       0.00000
     -17.44540       0.00000
     -17.43440       0.00000
     -17.42340       0.00000
     -17.41240       0.00000
     -17.40140       0.00000
     -17.39040       0.00000
     -17.37940       0.00000
     -17.36740       0.00000
     -17.35640       0.00000
     -17.34540       0.00000
     -17.33440       0.00000
     -17.32340       0.00000
     -17.31240       0.00000
     -17.30140       0.00000
     -17.29040       0.00000
     -17.27840       0.00000
     -17.26740       0.00000
     -17.25640       0.00000
     -17.24540       0.00000
     -17.23440       0.00000
     -17.22340       0.00000
     -17.21240       0.00000
     -17.20140       0.00000
     -17.19040       0.00000
     -17.17840       0.00000
     -17.16740       0.00000
     -17.15640       0.00000
     -17.14540       0.00000
     -17.13440       0.00000
     -17.12340       0.00000
     -17.11240       0.00000
     -17.10140       0.00000
     -17.09040       0.00000
     -17.07840       0.00000
     -17.06740       0.00000
     -17.05640       0.00000
     -17.04540       0.00000
     -17.03440       0.00000
     -17.02340       0.00000
     -17.01240       0.00000
     -17.00140       0.00000
     -16.99040       0.00000
     -16.97840       0.00000
     -16.96740       0.00000
     -16.95640       0.00000
     -16.94540       0.00000
     -16.93440       0.00000
     -16.92340       0.00000
     -16.91240       0.00000
     -16.90140       0.00000
     -16.89040       0.00000
     -16.87840       0.00000
     -16.86740       0.00000
     -16.85640       0.00000
     -16.84540       0.00000
     -16.83440       0.00000
     -16.82340       0.00000
     -16.81240       0.00000
     -16.80140       0.00000
     -16.79040       0.00000
     -16.77840       0.00000
     -16.76740       0.00000
     -16.75640       0.00000
     -16.74540       0.00000
     -16.73440       0.00000
     -16.72340       0.00000
     -16.71240       0.00000
     -16.70140       0.00000
     -16.69040       0.00000
     -16.67840       0.00000
     -16.66740       0.00000
     -16.65640       0.00000
     -16.64540       0.00000
     -16.63440       0.00000
     -16.62340       0.00000
     -16.61240       0.00000
     -16.60140       0.00000
     -16.59040       0.00000
     -16.57840       0.00000
     -16.56740       0.00000
     -16.55640       0.00000
     -16.54540       0.00000
     -16.53440       0.00000
     -16.52340       0.00000
     -16.51240       0.00000
     -16.50140       0.00000
     -16.49040       0.00000
     -16.47840       0.00000
     -16.46740       0.00000
     -16.45640       0.00000
     -16.44540       0.00000
     -16.43440       0.00000
     -16.42340       0.00000
     -16.41240       0.00000
     -16.40140       0.00000
     -16.39040       0.00000
     -16.37840       0.00000
     -16.36740       0.00000
     -16.35640       0.00000
     -16.34540       0.00000
     -16.33440       0.00000
     -16.32340       0.00000
     -16.31240       0.00000
     -16.30140       0.00000
     -16.29040       0.00000
     -16.27840       0.00000
     -16.26740       0.00000
     -16.25640       0.00000
     -16.24540       0.00000
     -16.23440       0.00000
     -16.22340       0.00000
     -16.21240       0.00000
     -16.20140       0.00000
     -16.19040       0.00000
     -16.17840       0.00000
     -16.16740       0.00000
     -16.15640       0.00000
     -16.14540       0.00000
     -16.13440       0.00000
     -16.12340       0.00000
     -16.11240       0.00000
     -16.10140       0.00000
     -16.09040       0.00000
     -16.07840       0.00000
     -16.06740       0.00000
     -16.05640       0.00000
     -16.04540       0.00000
     -16.03440       0.00000
     -16.02340       0.00000
     -16.01240       0.00000
     -16.00140       0.00000
     -15.99040       0.00000
     -15.97840       0.00000
     -15.96740       0.00000
     -15.95640       0.00000
     -15.94540       0.00000
     -15.93440       0.00000
     -15.92340       0.00000
     -15.91240       0.00000
     -15.90140       0.00000
     -15.89040       0.00000
     -15.87840       0.00000
     -15.86740       0.00000
     -15.85640       0.00000
     -15.84540       0.00000
     -15.83440       0.00000
     -15.82340       0.00000
     -15.81240       0.00000
     -15.80140       0.00000
     -15.79040       0.00000
     -15.77840       0.00000
     -15.76740       0.00000
     -15.75640       0.00000
     -15.74540       0.00000
     -15.73440       0.00000
     -15.72340       0.00000
     -15.71240       0.00000
     -15.70140       0.00000
     -15.69040       0.00000
     -15.67840       0.00000
     -15.66740       0.00000
     -15.65640       0.00000
     -15.64540       0.00000
     -15.63440       0.00000
     -15.62340       0.00000
     -15.61240       0.00000
     -15.60140       0.00000
     -15.58940       0.00000
     -15.57840       0.00000
     -15.56740       0.00000
     -15.55640       0.00000
     -15.54540       0.00000
     -15.53440       0.00000
     -15.52340       0.00000
     -15.51240       0.00000
     -15.50140       0.00000
     -15.48940       0.00000
     -15.47840       0.00000
     -15.46740       0.00000
     -15.45640       0.00000
     -15.44540       0.00000
     -15.43440       0.00000
     -15.42340       0.00000
     -15.41240       0.00000
     -15.40140       0.00000
     -15.38940       0.00000
     -15.37840       0.00000
     -15.36740       0.00000
     -15.35640       0.00000
     -15.34540       0.00000
     -15.33440       0.00000
     -15.32340       0.00000
     -15.31240       0.00000
     -15.30140       0.00000
     -15.28940       0.00000
     -15.27840       0.00000
     -15.26740       0.00000
     -15.25640       0.00000
     -15.24540       0.00000
     -15.23440       0.00000
     -15.22340       0.00000
     -15.21240       0.00000
     -15.20140       0.00000
     -15.18940       0.00000
     -15.17840       0.00000
     -15.16740       0.00000
     -15.15640       0.00000
     -15.14540       0.00000
     -15.13440       0.00000
     -15.12340       0.00000
     -15.11240       0.00000
     -15.10140       0.00000
     -15.08940       0.00000
     -15.07840       0.00000
     -15.06740       0.00000
     -15.05640       0.00000
     -15.04540       0.00000
     -15.03440       0.00000
     -15.02340       0.00000
     -15.01240       0.00000
     -15.00140       0.00000
     -14.98940       0.00000
     -14.97840       0.00000
     -14.96740       0.00000
     -14.95640       0.00000
     -14.94540       0.00000
     -14.93440       0.00000
     -14.92340       0.00000
     -14.91240       0.00000
     -14.90140       0.00000
     -14.88940       0.00000
     -14.87840       0.00000
     -14.86740       0.00000
     -14.85640       0.00000
     -14.84540       0.00000
     -14.83440       0.00000
     -14.82340       0.00000
     -14.81240       0.00000
     -14.80140       0.00000
     -14.78940       0.00000
     -14.77840       0.00000
     -14.76740       0.00000
     -14.75640       0.00000
     -14.74540       0.00000
     -14.73440       0.00000
     -14.72340       0.00000
     -14.71240       0.00000
     -14.70140       0.00001
     -14.68940       0.00003
     -14.67840       0.00012
     -14.66740       0.00041
     -14.65640       0.00127
     -14.64540       0.00364
     -14.63440       0.00960
     -14.62340       0.02334
     -14.61240       0.05249
     -14.60140       0.10970
     -14.58940       0.21430
     -14.57840       0.39240
     -14.56740       0.67680
     -14.55640       1.10400
     -14.54540       1.70700
     -14.53440       2.51100
     -14.52340       3.52300
     -14.51240       4.72600
     -14.50140       6.07500
     -14.48940       7.50200
     -14.47840       8.91600
     -14.46740      10.22000
     -14.45640      11.32000
     -14.44540      12.13000
     -14.43440      12.61000
     -14.42340      12.71000
     -14.41240      12.44000
     -14.40140      11.83000
     -14.38940      10.92000
     -14.37840       9.80200
     -14.36740       8.54100
     -14.35640       7.22900
     -14.34540       5.94000
     -14.33440       4.73600
     -14.32340       3.66000
     -14.31240       2.73600
     -14.30140       1.97500
     -14.28940       1.37300
     -14.27840       0.91660
     -14.26740       0.58610
     -14.25640       0.35710
     -14.24540       0.20620
     -14.23440       0.11210
     -14.22340       0.05695
     -14.21240       0.02691
     -14.20140       0.01189
     -14.18940       0.00539
     -14.17840       0.00406
     -14.16740       0.00776
     -14.15640       0.02041
     -14.14540       0.05241
     -14.13440       0.12460
     -14.12340       0.27300
     -14.11240       0.55120
     -14.10140       1.02600
     -14.08940       1.76300
     -14.07840       2.79900
     -14.06740       4.10600
     -14.05640       5.57300
     -14.04540       7.00600
     -14.03440       8.17400
     -14.02340       8.87900
     -14.01240       9.03800
     -14.00140       8.72400
     -13.98940       8.16300
     -13.97840       7.66000
     -13.96740       7.50200
     -13.95640       7.85800
     -13.94540       8.73200
     -13.93440       9.96800
     -13.92340      11.31000
     -13.91240      12.46000
     -13.90040      13.21000
     -13.88940      13.41000
     -13.87840      13.07000
     -13.86740      12.29000
     -13.85640      11.30000
     -13.84540      10.36000
     -13.83440       9.74600
     -13.82340       9.65900
     -13.81240      10.18000
     -13.80040      11.24000
     -13.78940      12.61000
     -13.77840      13.99000
     -13.76740      15.06000
     -13.75640      15.60000
     -13.74540      15.54000
     -13.73440      14.91000
     -13.72340      13.88000
     -13.71240      12.62000
     -13.70040      11.26000
     -13.68940       9.87500
     -13.67840       8.50700
     -13.66740       7.17300
     -13.65640       5.91900
     -13.64540       4.82200
     -13.63440       3.98200
     -13.62340       3.50100
     -13.61240       3.45500
     -13.60040       3.88600
     -13.58940       4.79100
     -13.57840       6.12400
     -13.56740       7.79900
     -13.55640       9.68900
     -13.54540      11.63000
     -13.53440      13.47000
     -13.52340      15.07000
     -13.51240      16.35000
     -13.50040      17.30000
     -13.48940      17.92000
     -13.47840      18.17000
     -13.46740      17.95000
     -13.45640      17.19000
     -13.44540      15.90000
     -13.43440      14.26000
     -13.42340      12.61000
     -13.41240      11.34000
     -13.40040      10.76000
     -13.38940      10.95000
     -13.37840      11.75000
     -13.36740      12.83000
     -13.35640      13.88000
     -13.34540      14.71000
     -13.33440      15.30000
     -13.32340      15.77000
     -13.31240      16.26000
     -13.30040      16.84000
     -13.28940      17.48000
     -13.27840      18.09000
     -13.26740      18.55000
     -13.25640      18.82000
     -13.24540      18.92000
     -13.23440      18.92000
     -13.22340      18.87000
     -13.21240      18.80000
     -13.20040      18.72000
     -13.18940      18.62000
     -13.17840      18.49000
     -13.16740      18.35000
     -13.15640      18.21000
     -13.14540      18.13000
     -13.13440      18.18000
     -13.12340      18.49000
     -13.11240      19.16000
     -13.10040      20.24000
     -13.08940      21.64000
     -13.07840      23.11000
     -13.06740      24.25000
     -13.05640      24.67000
     -13.04540      24.09000
     -13.03440      22.50000
     -13.02340      20.16000
     -13.01240      17.48000
     -13.00040      14.90000
     -12.98940      12.77000
     -12.97840      11.27000
     -12.96740      10.44000
     -12.95640      10.27000
     -12.94540      10.63000
     -12.93440      11.37000
     -12.92340      12.29000
     -12.91240      13.16000
     -12.90040      13.80000
     -12.88940      14.14000
     -12.87840      14.21000
     -12.86740      14.09000
     -12.85640      13.87000
     -12.84540      13.60000
     -12.83440      13.32000
     -12.82340      13.09000
     -12.81240      13.05000
     -12.80040      13.38000
     -12.78940      14.20000
     -12.77840      15.48000
     -12.76740      17.03000
     -12.75640      18.56000
     -12.74540      19.84000
     -12.73440      20.76000
     -12.72340      21.40000
     -12.71240      21.90000
     -12.70040      22.32000
     -12.68940      22.64000
     -12.67840      22.78000
     -12.66740      22.64000
     -12.65640      22.27000
     -12.64540      21.76000
     -12.63440      21.28000
     -12.62340      20.93000
     -12.61240      20.82000
     -12.60040      20.97000
     -12.58940      21.45000
     -12.57840      22.31000
     -12.56740      23.64000
     -12.55640      25.43000
     -12.54540      27.57000
     -12.53440      29.81000
     -12.52340      31.85000
     -12.51240      33.41000
     -12.50040      34.37000
     -12.48940      34.78000
     -12.47840      34.86000
     -12.46740      34.83000
     -12.45640      34.83000
     -12.44540      34.78000
     -12.43440      34.47000
     -12.42340      33.62000
     -12.41240      32.10000
     -12.40040      29.98000
     -12.38940      27.57000
     -12.37840      25.23000
     -12.36740      23.25000
     -12.35640      21.74000
     -12.34540      20.63000
     -12.33440      19.80000
     -12.32340      19.19000
     -12.31240      18.82000
     -12.30040      18.85000
     -12.28940      19.43000
     -12.27840      20.61000
     -12.26740      22.25000
     -12.25640      23.99000
     -12.24540      25.33000
     -12.23440      25.88000
     -12.22340      25.50000
     -12.21240      24.41000
     -12.20040      23.12000
     -12.18940      22.20000
     -12.17840      22.05000
     -12.16740      22.76000
     -12.15640      24.15000
     -12.14540      25.90000
     -12.13440      27.73000
     -12.12340      29.51000
     -12.11140      31.21000
     -12.10040      32.83000
     -12.08940      34.32000
     -12.07840      35.52000
     -12.06740      36.17000
     -12.05640      36.03000
     -12.04540      34.97000
     -12.03440      33.10000
     -12.02340      30.78000
     -12.01140      28.59000
     -12.00040      27.15000
     -11.98940      26.96000
     -11.97840      28.21000
     -11.96740      30.70000
     -11.95640      33.90000
     -11.94540      37.13000
     -11.93440      39.70000
     -11.92340      41.11000
     -11.91140      41.12000
     -11.90040      39.75000
     -11.88940      37.25000
     -11.87840      34.03000
     -11.86740      30.54000
     -11.85640      27.21000
     -11.84540      24.38000
     -11.83440      22.29000
     -11.82340      21.10000
     -11.81140      20.95000
     -11.80040      21.88000
     -11.78940      23.82000
     -11.77840      26.56000
     -11.76740      29.73000
     -11.75640      32.91000
     -11.74540      35.74000
     -11.73440      37.99000
     -11.72340      39.66000
     -11.71140      40.87000
     -11.70040      41.83000
     -11.68940      42.69000
     -11.67840      43.43000
     -11.66740      43.82000
     -11.65640      43.49000
     -11.64540      42.09000
     -11.63440      39.37000
     -11.62340      35.40000
     -11.61140      30.47000
     -11.60040      25.11000
     -11.58940      19.93000
     -11.57840      15.55000
     -11.56740      12.48000
     -11.55640      11.08000
     -11.54540      11.49000
     -11.53440      13.65000
     -11.52340      17.22000
     -11.51140      21.69000
     -11.50040      26.37000
     -11.48940      30.51000
     -11.47840      33.48000
     -11.46740      34.80000
     -11.45640      34.26000
     -11.44540      31.94000
     -11.43440      28.14000
     -11.42340      23.41000
     -11.41140      18.39000
     -11.40040      13.71000
     -11.38940       9.84900
     -11.37840       7.10300
     -11.36740       5.54500
     -11.35640       5.08900
     -11.34540       5.55600
     -11.33440       6.72100
     -11.32340       8.34200
     -11.31140      10.16000
     -11.30040      11.94000
     -11.28940      13.45000
     -11.27840      14.52000
     -11.26740      15.03000
     -11.25640      14.95000
     -11.24540      14.26000
     -11.23440      13.04000
     -11.22340      11.40000
     -11.21140       9.49300
     -11.20040       7.51500
     -11.18940       5.64100
     -11.17840       4.00500
     -11.16740       2.68500
     -11.15640       1.69600
     -11.14540       1.00600
     -11.13440       0.55850
     -11.12340       0.28930
     -11.11140       0.13930
     -11.10040       0.06285
     -11.08940       0.02889
     -11.07840       0.02120
     -11.06740       0.03849
     -11.05640       0.09818
     -11.04540       0.24510
     -11.03440       0.56410
     -11.02340       1.18900
     -11.01140       2.29300
     -11.00040       4.05400
     -10.98940       6.57500
     -10.97840       9.78700
     -10.96740      13.38000
     -10.95640      16.83000
     -10.94540      19.47000
     -10.93440      20.76000
     -10.92340      20.46000
     -10.91140      18.74000
     -10.90040      16.22000
     -10.88940      13.72000
     -10.87840      12.04000
     -10.86740      11.74000
     -10.85640      12.96000
     -10.84540      15.34000
     -10.83440      18.15000
     -10.82340      20.46000
     -10.81140      21.49000
     -10.80040      20.80000
     -10.78940      18.48000
     -10.77840      15.05000
     -10.76740      11.22000
     -10.75640       7.66500
     -10.74540       4.79200
     -10.73440       2.74200
     -10.72340       1.43600
     -10.71140       0.68830
     -10.70040       0.30180
     -10.68940       0.12110
     -10.67840       0.04443
     -10.66740       0.01491
     -10.65640       0.00457
     -10.64540       0.00128
     -10.63440       0.00033
     -10.62340       0.00008
     -10.61140       0.00002
     -10.60040       0.00000
     -10.58940       0.00000
     -10.57840       0.00000
     -10.56740       0.00000
     -10.55640       0.00000
     -10.54540       0.00000
     -10.53440       0.00000
     -10.52340       0.00000
     -10.51140       0.00000
     -10.50040       0.00000
     -10.48940       0.00000
     -10.47840       0.00000
     -10.46740       0.00000
     -10.45640       0.00000
     -10.44540       0.00000
     -10.43440       0.00000
     -10.42240       0.00000
     -10.41140       0.00000
     -10.40040       0.00000
     -10.38940       0.00000
     -10.37840       0.00000
     -10.36740       0.00000
     -10.35640       0.00000
     -10.34540       0.00000
     -10.33440       0.00000
     -10.32240       0.00000
     -10.31140       0.00000
     -10.30040       0.00000
     -10.28940       0.00000
     -10.27840       0.00000
     -10.26740       0.00000
     -10.25640       0.00000
     -10.24540       0.00000
     -10.23440       0.00000
     -10.22240       0.00000
     -10.21140       0.00000
     -10.20040       0.00000
     -10.18940       0.00000
     -10.17840       0.00000
     -10.16740       0.00000
     -10.15640       0.00000
     -10.14540       0.00000
     -10.13440       0.00000
     -10.12240       0.00000
     -10.11140       0.00000
     -10.10040       0.00000
     -10.08940       0.00000
     -10.07840       0.00000
     -10.06740       0.00000
     -10.05640       0.00000
     -10.04540       0.00000
     -10.03440       0.00000
     -10.02240       0.00000
     -10.01140       0.00000
     -10.00040       0.00000
      -9.98940       0.00000
      -9.97840       0.00000
      -9.96740       0.00000
      -9.95640       0.00000
      -9.94540       0.00000
      -9.93440       0.00000
      -9.92240       0.00000
      -9.91140       0.00000
      -9.90040       0.00000
      -9.88940       0.00000
      -9.87840       0.00000
      -9.86740       0.00000
      -9.85640       0.00000
      -9.84540       0.00000
      -9.83440       0.00000
      -9.82240       0.00000
      -9.81140       0.00000
      -9.80040       0.00000
      -9.78940       0.00000
      -9.77840       0.00000
      -9.76740       0.00000
      -9.75640       0.00000
      -9.74540       0.00000
      -9.73440       0.00000
      -9.72240       0.00000
      -9.71140       0.00000
      -9.70040       0.00000
      -9.68940       0.00000
      -9.67840       0.00001
      -9.66740       0.00003
      -9.65640       0.00015
      -9.64540       0.00060
      -9.63440       0.00219
      -9.62240       0.00732
      -9.61140       0.02241
      -9.60040       0.06280
      -9.58940       0.16130
      -9.57840       0.38000
      -9.56740       0.82180
      -9.55640       1.63300
      -9.54540       2.98700
      -9.53440       5.03700
      -9.52240       7.85500
      -9.51140      11.38000
      -9.50040      15.40000
      -9.48940      19.69000
      -9.47840      24.09000
      -9.46740      28.66000
      -9.45640      33.75000
      -9.44540      39.81000
      -9.43440      47.23000
      -9.42240      56.07000
      -9.41140      65.84000
      -9.40040      75.58000
      -9.38940      84.04000
      -9.37840      90.09000
      -9.36740      93.19000
      -9.35640      93.59000
      -9.34540      92.10000
      -9.33440      89.61000
      -9.32240      86.59000
      -9.31140      82.96000
      -9.30040      78.39000
      -9.28940      72.80000
      -9.27840      66.62000
      -9.26740      60.68000
      -9.25640      55.93000
      -9.24540      53.16000
      -9.23440      52.80000
      -9.22240      54.99000
      -9.21140      59.59000
      -9.20040      66.24000
      -9.18940      74.38000
      -9.17840      83.25000
      -9.16740      91.85000
      -9.15640      98.84000
      -9.14540     102.70000
      -9.13440     101.80000
      -9.12240      95.63000
      -9.11140      84.61000
      -9.10040      70.65000
      -9.08940      56.52000
      -9.07840      45.01000
      -9.06740      38.15000
      -9.05640      36.69000
      -9.04540      40.14000
      -9.03440      47.08000
      -9.02240      55.61000
      -9.01140      63.92000
      -9.00040      70.71000
      -8.98940      75.45000
      -8.97840      78.43000
      -8.96740      80.46000
      -8.95640      82.43000
      -8.94540      85.06000
      -8.93440      88.70000
      -8.92240      93.54000
      -8.91140      99.78000
      -8.90040     107.70000
      -8.88940     117.40000
      -8.87840     128.80000
      -8.86740     141.10000
      -8.85640     153.00000
      -8.84540     163.40000
      -8.83440     171.00000
      -8.82240     175.30000
      -8.81140     176.60000
      -8.80040     175.80000
      -8.78940     174.10000
      -8.77840     173.00000
      -8.76740     173.50000
      -8.75640     176.50000
      -8.74540     182.60000
      -8.73340     191.90000
      -8.72240     204.40000
      -8.71140     219.60000
      -8.70040     236.70000
      -8.68940     254.00000
      -8.67840     269.40000
      -8.66740     280.50000
      -8.65640     285.20000
      -8.64540     282.70000
      -8.63340     273.50000
      -8.62240     259.30000
      -8.61140     242.70000
      -8.60040     226.40000
      -8.58940     212.40000
      -8.57840     202.20000
      -8.56740     196.40000
      -8.55640     194.70000
      -8.54540     196.40000
      -8.53340     200.00000
      -8.52240     203.50000
      -8.51140     205.10000
      -8.50040     203.20000
      -8.48940     196.80000
      -8.47840     186.20000
      -8.46740     172.30000
      -8.45640     156.40000
      -8.44540     140.00000
      -8.43340     124.90000
      -8.42240     112.40000
      -8.41140     103.60000
      -8.40040      99.29000
      -8.38940      99.16000
      -8.37840     102.20000
      -8.36740     106.60000
      -8.35640     110.00000
      -8.34540     110.70000
      -8.33340     107.30000
      -8.32240      99.89000
      -8.31140      89.44000
      -8.30040      77.72000
      -8.28940      66.58000
      -8.27840      57.49000
      -8.26740      51.20000
      -8.25640      47.73000
      -8.24540      46.56000
      -8.23340      46.93000
      -8.22240      48.06000
      -8.21140      49.31000
      -8.20040      50.20000
      -8.18940      50.50000
      -8.17840      50.16000
      -8.16740      49.27000
      -8.15640      47.94000
      -8.14540      46.30000
      -8.13340      44.39000
      -8.12240      42.21000
      -8.11140      39.80000
      -8.10040      37.21000
      -8.08940      34.62000
      -8.07840      32.24000
      -8.06740      30.28000
      -8.05640      28.88000
      -8.04540      28.05000
      -8.03340      27.69000
      -8.02240      27.64000
      -8.01140      27.76000
      -8.00040      28.00000
      -7.98940      28.38000
      -7.97840      28.96000
      -7.96740      29.80000
      -7.95640      30.90000
      -7.94540      32.19000
      -7.93340      33.59000
      -7.92240      35.13000
      -7.91140      36.97000
      -7.90040      39.38000
      -7.88940      42.63000
      -7.87840      46.78000
      -7.86740      51.66000
      -7.85640      56.86000
      -7.84540      61.82000
      -7.83340      65.99000
      -7.82240      68.85000
      -7.81140      70.00000
      -7.80040      69.15000
      -7.78940      66.24000
      -7.77840      61.45000
      -7.76740      55.25000
      -7.75640      48.25000
      -7.74540      41.15000
      -7.73340      34.58000
      -7.72240      29.09000
      -7.71140      25.05000
      -7.70040      22.62000
      -7.68940      21.68000
      -7.67840      21.90000
      -7.66740      22.76000
      -7.65640      23.75000
      -7.64540      24.49000
      -7.63340      24.80000
      -7.62240      24.68000
      -7.61140      24.24000
      -7.60040      23.57000
      -7.58940      22.70000
      -7.57840      21.57000
      -7.56740      20.14000
      -7.55640      18.47000
      -7.54540      16.75000
      -7.53340      15.29000
      -7.52240      14.36000
      -7.51140      14.11000
      -7.50040      14.47000
      -7.48940      15.20000
      -7.47840      16.00000
      -7.46740      16.57000
      -7.45640      16.76000
      -7.44540      16.52000
      -7.43340      15.89000
      -7.42240      15.03000
      -7.41140      14.10000
      -7.40040      13.28000
      -7.38940      12.72000
      -7.37840      12.48000
      -7.36740      12.56000
      -7.35640      12.94000
      -7.34540      13.58000
      -7.33340      14.44000
      -7.32240      15.42000
      -7.31140      16.36000
      -7.30040      17.01000
      -7.28940      17.14000
      -7.27840      16.63000
      -7.26740      15.52000
      -7.25640      14.05000
      -7.24540      12.54000
      -7.23340      11.29000
      -7.22240      10.53000
      -7.21140      10.34000
      -7.20040      10.70000
      -7.18940      11.49000
      -7.17840      12.53000
      -7.16740      13.61000
      -7.15640      14.56000
      -7.14540      15.28000
      -7.13340      15.79000
      -7.12240      16.15000
      -7.11140      16.45000
      -7.10040      16.70000
      -7.08940      16.86000
      -7.07840      16.84000
      -7.06740      16.52000
      -7.05640      15.91000
      -7.04540      15.07000
      -7.03340      14.18000
      -7.02240      13.45000
      -7.01140      13.05000
      -7.00040      13.08000
      -6.98940      13.51000
      -6.97840      14.24000
      -6.96740      15.06000
      -6.95640      15.77000
      -6.94440      16.23000
      -6.93340      16.38000
      -6.92240      16.24000
      -6.91140      15.93000
      -6.90040      15.56000
      -6.88940      15.24000
      -6.87840      14.98000
      -6.86740      14.74000
      -6.85640      14.45000
      -6.84440      14.08000
      -6.83340      13.66000
      -6.82240      13.30000
      -6.81140      13.06000
      -6.80040      12.97000
      -6.78940      12.95000
      -6.77840      12.84000
      -6.76740      12.47000
      -6.75640      11.78000
      -6.74440      10.80000
      -6.73340       9.73100
      -6.72240       8.80200
      -6.71140       8.20500
      -6.70040       8.01800
      -6.68940       8.19300
      -6.67840       8.61000
      -6.66740       9.14900
      -6.65640       9.75100
      -6.64440      10.43000
      -6.63340      11.21000
      -6.62240      12.09000
      -6.61140      12.92000
      -6.60040      13.52000
      -6.58940      13.66000
      -6.57840      13.22000
      -6.56740      12.24000
      -6.55640      10.87000
      -6.54440       9.33700
      -6.53340       7.87800
      -6.52240       6.63500
      -6.51140       5.65600
      -6.50040       4.90900
      -6.48940       4.32600
      -6.47840       3.84300
      -6.46740       3.41800
      -6.45640       3.03000
      -6.44440       2.66300
      -6.43340       2.30100
      -6.42240       1.92800
      -6.41140       1.54500
      -6.40040       1.16700
      -6.38940       0.82730
      -6.37840       0.55380
      -6.36740       0.36470
      -6.35640       0.26110
      -6.34440       0.23040
      -6.33340       0.25140
      -6.32240       0.30000
      -6.31140       0.35400
      -6.30040       0.39740
      -6.28940       0.42360
      -6.27840       0.43520
      -6.26740       0.43980
      -6.25640       0.44450
      -6.24440       0.45340
      -6.23340       0.47080
      -6.22240       0.50920
      -6.21140       0.59720
      -6.20040       0.78060
      -6.18940       1.11200
      -6.17840       1.63200
      -6.16740       2.35300
      -6.15640       3.25300
      -6.14440       4.29200
      -6.13340       5.44500
      -6.12240       6.71700
      -6.11140       8.14500
      -6.10040       9.74500
      -6.08940      11.47000
      -6.07840      13.18000
      -6.06740      14.68000
      -6.05640      15.82000
      -6.04440      16.51000
      -6.03340      16.79000
      -6.02240      16.75000
      -6.01140      16.47000
      -6.00040      15.99000
      -5.98940      15.29000
      -5.97840      14.35000
      -5.96740      13.23000
      -5.95640      12.05000
      -5.94440      11.01000
      -5.93340      10.34000
      -5.92240      10.20000
      -5.91140      10.65000
      -5.90040      11.60000
      -5.88940      12.87000
      -5.87840      14.22000
      -5.86740      15.49000
      -5.85640      16.61000
      -5.84440      17.60000
      -5.83340      18.57000
      -5.82240      19.59000
      -5.81140      20.67000
      -5.80040      21.73000
      -5.78940      22.68000
      -5.77840      23.40000
      -5.76740      23.83000
      -5.75640      23.92000
      -5.74440      23.66000
      -5.73340      23.08000
      -5.72240      22.25000
      -5.71140      21.33000
      -5.70040      20.46000
      -5.68940      19.79000
      -5.67840      19.37000
      -5.66740      19.22000
      -5.65640      19.31000
      -5.64440      19.59000
      -5.63340      20.08000
      -5.62240      20.80000
      -5.61140      21.77000
      -5.60040      22.94000
      -5.58940      24.19000
      -5.57840      25.31000
      -5.56740      26.04000
      -5.55640      26.22000
      -5.54440      25.77000
      -5.53340      24.74000
      -5.52240      23.25000
      -5.51140      21.50000
      -5.50040      19.69000
      -5.48940      18.00000
      -5.47840      16.56000
      -5.46740      15.43000
      -5.45640      14.59000
      -5.44440      13.98000
      -5.43340      13.52000
      -5.42240      13.16000
      -5.41140      12.92000
      -5.40040      12.86000
      -5.38940      13.07000
      -5.37840      13.63000
      -5.36740      14.59000
      -5.35640      15.93000
      -5.34440      17.58000
      -5.33340      19.35000
      -5.32240      21.08000
      -5.31140      22.57000
      -5.30040      23.76000
      -5.28940      24.63000
      -5.27840      25.27000
      -5.26740      25.76000
      -5.25540      26.16000
      -5.24440      26.48000
      -5.23340      26.67000
      -5.22240      26.67000
      -5.21140      26.46000
      -5.20040      26.10000
      -5.18940      25.77000
      -5.17840      25.68000
      -5.16740      26.03000
      -5.15540      26.90000
      -5.14440      28.20000
      -5.13340      29.70000
      -5.12240      31.15000
      -5.11140      32.31000
      -5.10040      33.10000
      -5.08940      33.55000
      -5.07840      33.70000
      -5.06740      33.62000
      -5.05540      33.34000
      -5.04440      32.91000
      -5.03340      32.45000
      -5.02240      32.11000
      -5.01140      32.06000
      -5.00040      32.32000
      -4.98940      32.82000
      -4.97840      33.42000
      -4.96740      33.91000
      -4.95540      34.15000
      -4.94440      34.02000
      -4.93340      33.46000
      -4.92240      32.45000
      -4.91140      31.03000
      -4.90040      29.35000
      -4.88940      27.66000
      -4.87840      26.31000
      -4.86740      25.56000
      -4.85540      25.56000
      -4.84440      26.21000
      -4.83340      27.24000
      -4.82240      28.31000
      -4.81140      29.12000
      -4.80040      29.57000
      -4.78940      29.74000
      -4.77840      29.83000
      -4.76740      30.04000
      -4.75540      30.46000
      -4.74440      31.04000
      -4.73340      31.62000
      -4.72240      32.00000
      -4.71140      32.06000
      -4.70040      31.74000
      -4.68940      31.09000
      -4.67840      30.25000
      -4.66740      29.38000
      -4.65540      28.67000
      -4.64440      28.24000
      -4.63340      28.14000
      -4.62240      28.32000
      -4.61140      28.64000
      -4.60040      28.96000
      -4.58940      29.15000
      -4.57840      29.14000
      -4.56740      28.88000
      -4.55540      28.39000
      -4.54440      27.72000
      -4.53340      26.97000
      -4.52240      26.39000
      -4.51140      26.24000
      -4.50040      26.79000
      -4.48940      28.09000
      -4.47840      29.92000
      -4.46740      31.80000
      -4.45540      33.15000
      -4.44440      33.50000
      -4.43340      32.68000
      -4.42240      30.87000
      -4.41140      28.55000
      -4.40040      26.30000
      -4.38940      24.69000
      -4.37840      24.08000
      -4.36740      24.67000
      -4.35540      26.42000
      -4.34440      29.09000
      -4.33340      32.29000
      -4.32240      35.55000
      -4.31140      38.38000
      -4.30040      40.40000
      -4.28940      41.41000
      -4.27840      41.38000
      -4.26740      40.43000
      -4.25540      38.82000
      -4.24440      36.84000
      -4.23340      34.84000
      -4.22240      33.14000
      -4.21140      31.96000
      -4.20040      31.40000
      -4.18940      31.42000
      -4.17840      31.86000
      -4.16740      32.52000
      -4.15540      33.19000
      -4.14440      33.74000
      -4.13340      34.07000
      -4.12240      34.19000
      -4.11140      34.16000
      -4.10040      34.12000
      -4.08940      34.23000
      -4.07840      34.62000
      -4.06740      35.27000
      -4.05540      35.97000
      -4.04440      36.38000
      -4.03340      36.16000
      -4.02240      35.15000
      -4.01140      33.48000
      -4.00040      31.50000
      -3.98940      29.73000
      -3.97840      28.62000
      -3.96740      28.46000
      -3.95540      29.27000
      -3.94440      30.83000
      -3.93340      32.73000
      -3.92240      34.53000
      -3.91140      35.89000
      -3.90040      36.64000
      -3.88940      36.88000
      -3.87840      36.83000
      -3.86740      36.79000
      -3.85540      36.91000
      -3.84440      37.16000
      -3.83340      37.37000
      -3.82240      37.28000
      -3.81140      36.72000
      -3.80040      35.66000
      -3.78940      34.22000
      -3.77840      32.65000
      -3.76740      31.25000
      -3.75540      30.26000
      -3.74440      29.84000
      -3.73340      29.99000
      -3.72240      30.66000
      -3.71140      31.71000
      -3.70040      33.01000
      -3.68940      34.35000
      -3.67840      35.46000
      -3.66740      36.04000
      -3.65540      35.84000
      -3.64440      34.88000
      -3.63340      33.42000
      -3.62240      31.98000
      -3.61140      31.07000
      -3.60040      31.01000
      -3.58940      31.82000
      -3.57840      33.22000
      -3.56640      34.83000
      -3.55540      36.31000
      -3.54440      37.48000
      -3.53340      38.31000
      -3.52240      38.85000
      -3.51140      39.17000
      -3.50040      39.28000
      -3.48940      39.17000
      -3.47840      38.77000
      -3.46640      38.05000
      -3.45540      37.06000
      -3.44440      35.98000
      -3.43340      35.06000
      -3.42240      34.57000
      -3.41140      34.67000
      -3.40040      35.33000
      -3.38940      36.31000
      -3.37840      37.26000
      -3.36640      37.85000
      -3.35540      37.91000
      -3.34440      37.48000
      -3.33340      36.80000
      -3.32240      36.15000
      -3.31140      35.84000
      -3.30040      36.02000
      -3.28940      36.69000
      -3.27840      37.67000
      -3.26640      38.67000
      -3.25540      39.38000
      -3.24440      39.60000
      -3.23340      39.31000
      -3.22240      38.64000
      -3.21140      37.73000
      -3.20040      36.64000
      -3.18940      35.33000
      -3.17840      33.68000
      -3.16640      31.75000
      -3.15540      29.79000
      -3.14440      28.23000
      -3.13340      27.46000
      -3.12240      27.67000
      -3.11140      28.73000
      -3.10040      30.29000
      -3.08940      31.94000
      -3.07840      33.33000
      -3.06640      34.27000
      -3.05540      34.72000
      -3.04440      34.68000
      -3.03340      34.23000
      -3.02240      33.48000
      -3.01140      32.58000
      -3.00040      31.75000
      -2.98940      31.18000
      -2.97840      31.05000
      -2.96640      31.43000
      -2.95540      32.31000
      -2.94440      33.61000
      -2.93340      35.15000
      -2.92240      36.73000
      -2.91140      38.12000
      -2.90040      39.09000
      -2.88940      39.52000
      -2.87840      39.45000
      -2.86640      39.02000
      -2.85540      38.43000
      -2.84440      37.81000
      -2.83340      37.23000
      -2.82240      36.63000
      -2.81140      35.94000
      -2.80040      35.13000
      -2.78940      34.27000
      -2.77840      33.51000
      -2.76640      32.97000
      -2.75540      32.71000
      -2.74440      32.65000
      -2.73340      32.64000
      -2.72240      32.51000
      -2.71140      32.16000
      -2.70040      31.70000
      -2.68940      31.33000
      -2.67840      31.25000
      -2.66640      31.57000
      -2.65540      32.19000
      -2.64440      32.82000
      -2.63340      33.16000
      -2.62240      32.98000
      -2.61140      32.27000
      -2.60040      31.21000
      -2.58940      30.13000
      -2.57840      29.33000
      -2.56640      28.99000
      -2.55540      29.12000
      -2.54440      29.64000
      -2.53340      30.46000
      -2.52240      31.54000
      -2.51140      32.92000
      -2.50040      34.58000
      -2.48940      36.40000
      -2.47840      38.13000
      -2.46640      39.47000
      -2.45540      40.21000
      -2.44440      40.32000
      -2.43340      39.93000
      -2.42240      39.20000
      -2.41140      38.27000
      -2.40040      37.15000
      -2.38940      35.83000
      -2.37840      34.34000
      -2.36640      32.88000
      -2.35540      31.72000
      -2.34440      31.18000
      -2.33340      31.43000
      -2.32240      32.43000
      -2.31140      33.89000
      -2.30040      35.36000
      -2.28940      36.38000
      -2.27840      36.62000
      -2.26640      36.03000
      -2.25540      34.81000
      -2.24440      33.37000
      -2.23340      32.17000
      -2.22240      31.59000
      -2.21140      31.85000
      -2.20040      32.87000
      -2.18940      34.35000
      -2.17840      35.85000
      -2.16640      36.91000
      -2.15540      37.24000
      -2.14440      36.80000
      -2.13340      35.72000
      -2.12240      34.30000
      -2.11140      32.84000
      -2.10040      31.57000
      -2.08940      30.64000
      -2.07840      30.10000
      -2.06640      29.97000
      -2.05540      30.25000
      -2.04440      30.94000
      -2.03340      31.98000
      -2.02240      33.27000
      -2.01140      34.61000
      -2.00040      35.78000
      -1.98940      36.55000
      -1.97840      36.79000
      -1.96640      36.52000
      -1.95540      35.88000
      -1.94440      35.07000
      -1.93340      34.26000
      -1.92240      33.50000
      -1.91140      32.76000
      -1.90040      31.95000
      -1.88940      31.05000
      -1.87840      30.11000
      -1.86640      29.26000
      -1.85540      28.62000
      -1.84440      28.33000
      -1.83340      28.42000
      -1.82240      28.81000
      -1.81140      29.31000
      -1.80040      29.67000
      -1.78940      29.67000
      -1.77740      29.17000
      -1.76640      28.22000
      -1.75540      27.02000
      -1.74440      25.79000
      -1.73340      24.72000
      -1.72240      23.88000
      -1.71140      23.27000
      -1.70040      22.89000
      -1.68940      22.80000
      -1.67740      23.11000
      -1.66640      23.92000
      -1.65540      25.21000
      -1.64440      26.78000
      -1.63340      28.24000
      -1.62240      29.18000
      -1.61140      29.32000
      -1.60040      28.61000
      -1.58940      27.27000
      -1.57740      25.64000
      -1.56640      24.07000
      -1.55540      22.82000
      -1.54440      22.02000
      -1.53340      21.74000
      -1.52240      22.02000
      -1.51140      22.92000
      -1.50040      24.39000
      -1.48940      26.28000
      -1.47740      28.31000
      -1.46640      30.13000
      -1.45540      31.42000
      -1.44440      32.02000
      -1.43340      31.93000
      -1.42240      31.28000
      -1.41140      30.27000
      -1.40040      29.07000
      -1.38940      27.87000
      -1.37740      26.86000
      -1.36640      26.19000
      -1.35540      25.97000
      -1.34440      26.15000
      -1.33340      26.52000
      -1.32240      26.77000
      -1.31140      26.59000
      -1.30040      25.81000
      -1.28940      24.50000
      -1.27740      22.96000
      -1.26640      21.56000
      -1.25540      20.61000
      -1.24440      20.22000
      -1.23340      20.24000
      -1.22240      20.43000
      -1.21140      20.53000
      -1.20040      20.42000
      -1.18940      20.11000
      -1.17740      19.69000
      -1.16640      19.19000
      -1.15540      18.58000
      -1.14440      17.76000
      -1.13340      16.69000
      -1.12240      15.42000
      -1.11140      14.17000
      -1.10040      13.24000
      -1.08940      12.91000
      -1.07740      13.29000
      -1.06640      14.33000
      -1.05540      15.78000
      -1.04440      17.34000
      -1.03340      18.74000
      -1.02240      19.79000
      -1.01140      20.48000
      -1.00040      20.86000
      -0.98940      21.04000
      -0.97740      21.08000
      -0.96640      20.95000
      -0.95540      20.64000
      -0.94440      20.10000
      -0.93340      19.34000
      -0.92240      18.42000
      -0.91140      17.43000
      -0.90040      16.48000
      -0.88940      15.65000
      -0.87740      14.98000
      -0.86640      14.51000
      -0.85540      14.20000
      -0.84440      14.02000
      -0.83340      13.90000
      -0.82240      13.79000
      -0.81140      13.70000
      -0.80040      13.68000
      -0.78940      13.79000
      -0.77740      14.08000
      -0.76640      14.59000
      -0.75540      15.36000
      -0.74440      16.44000
      -0.73340      17.86000
      -0.72240      19.63000
      -0.71140      21.57000
      -0.70040      23.39000
      -0.68940      24.66000
      -0.67740      24.97000
      -0.66640      24.08000
      -0.65540      22.04000
      -0.64440      19.19000
      -0.63340      16.10000
      -0.62240      13.40000
      -0.61140      11.57000
      -0.60040      10.84000
      -0.58940      11.11000
      -0.57740      12.04000
      -0.56640      13.17000
      -0.55540      14.07000
      -0.54440      14.44000
      -0.53340      14.18000
      -0.52240      13.38000
      -0.51140      12.27000
      -0.50040      11.17000
      -0.48940      10.35000
      -0.47740      10.00000
      -0.46640      10.21000
      -0.45540      10.92000
      -0.44440      11.97000
      -0.43340      13.13000
      -0.42240      14.15000
      -0.41140      14.82000
      -0.40040      15.01000
      -0.38940      14.71000
      -0.37740      14.00000
      -0.36640      13.03000
      -0.35540      11.98000
      -0.34440      10.99000
      -0.33340      10.16000
      -0.32240       9.47300
      -0.31140       8.85600
      -0.30040       8.18800
      -0.28940       7.37800
      -0.27740       6.40900
      -0.26640       5.34300
      -0.25540       4.28200
      -0.24440       3.32200
      -0.23340       2.51900
      -0.22240       1.88200
      -0.21140       1.39100
      -0.20040       1.01500
      -0.18940       0.72420
      -0.17740       0.49990
      -0.16640       0.32970
      -0.15540       0.20550
      -0.14440       0.11980
      -0.13340       0.06480
      -0.12240       0.03235
      -0.11140       0.01483
      -0.10040       0.00622
      -0.08840       0.00238
      -0.07740       0.00083
      -0.06640       0.00026
      -0.05540       0.00008
      -0.04440       0.00002
      -0.03340       0.00000
      -0.02240       0.00000
      -0.01140       0.00000
      -0.00040       0.00000
       0.01160       0.00000
       0.02260       0.00000
       0.03360       0.00000
       0.04460       0.00000
       0.05560       0.00000
       0.06660       0.00000
       0.07760       0.00000
       0.08860       0.00000
       0.09960       0.00000
       0.11160       0.00000
       0.12260       0.00000
       0.13360       0.00000
       0.14460       0.00000
       0.15560       0.00000
       0.16660       0.00000
       0.17760       0.00000
       0.18860       0.00000
       0.19960       0.00000
       0.21160       0.00000
       0.22260       0.00000
       0.23360       0.00000
       0.24460       0.00000
       0.25560       0.00000
       0.26660       0.00001
       0.27760       0.00003
       0.28860       0.00010
       0.29960       0.00035
       0.31160       0.00106
       0.32260       0.00293
       0.33360       0.00734
       0.34460       0.01670
       0.35560       0.03443
       0.36660       0.06437
       0.37760       0.10910
       0.38860       0.16760
       0.39960       0.23360
       0.41160       0.29510
       0.42260       0.33790
       0.43360       0.35090
       0.44460       0.33040
       0.45560       0.28210
       0.46660       0.21830
       0.47760       0.15320
       0.48860       0.09749
       0.49960       0.05624
       0.51160       0.02942
       0.52260       0.01395
       0.53360       0.00600
       0.54460       0.00234
       0.55560       0.00084
       0.56660       0.00032
       0.57760       0.00030
       0.58860       0.00076
       0.59960       0.00223
       0.61160       0.00611
       0.62260       0.01525
       0.63360       0.03458
       0.64460       0.07131
       0.65560       0.13400
       0.66660       0.23000
       0.67760       0.36230
       0.68860       0.52800
       0.69960       0.72020
       0.71160       0.93590
       0.72260       1.18500
       0.73360       1.49300
       0.74460       1.89900
       0.75560       2.43100
       0.76660       3.08500
       0.77760       3.80300
       0.78860       4.47500
       0.79960       4.96100
       0.81160       5.14600
       0.82260       4.98200
       0.83360       4.52400
       0.84460       3.92100
       0.85560       3.36800
       0.86660       3.05700
       0.87760       3.13300
       0.88860       3.67200
       0.89960       4.67300
       0.91160       6.05100
       0.92260       7.64000
       0.93360       9.21600
       0.94460      10.54000
       0.95560      11.45000
       0.96660      11.85000
       0.97760      11.79000
       0.98860      11.34000
       0.99960      10.64000
       1.01160       9.78800
       1.02260       8.88800
       1.03360       8.01500
       1.04460       7.23400
       1.05560       6.60700
       1.06660       6.19000
       1.07760       6.03900
       1.08860       6.20000
       1.09960       6.70500
       1.11160       7.55300
       1.12260       8.70100
       1.13360      10.06000
       1.14460      11.51000
       1.15560      12.97000
       1.16660      14.38000
       1.17760      15.77000
       1.18860      17.19000
       1.19960      18.68000
       1.21160      20.18000
       1.22260      21.57000
       1.23360      22.72000
       1.24460      23.51000
       1.25560      23.95000
       1.26660      24.12000
       1.27760      24.17000
       1.28860      24.27000
       1.29960      24.55000
       1.31160      25.01000
       1.32260      25.60000
       1.33360      26.17000
       1.34460      26.56000
       1.35560      26.66000
       1.36660      26.45000
       1.37760      26.03000
       1.38860      25.54000
       1.39960      25.13000
       1.41160      24.91000
       1.42260      24.94000
       1.43360      25.24000
       1.44460      25.78000
       1.45560      26.55000
       1.46660      27.50000
       1.47760      28.53000
       1.48860      29.54000
       1.49960      30.36000
       1.51160      30.85000
       1.52260      30.87000
       1.53360      30.40000
       1.54460      29.53000
       1.55560      28.45000
       1.56660      27.46000
       1.57760      26.85000
       1.58860      26.79000
       1.60060      27.30000
       1.61160      28.22000
       1.62260      29.31000
       1.63360      30.31000
       1.64460      31.10000
       1.65560      31.68000
       1.66660      32.16000
       1.67760      32.69000
       1.68860      33.36000
       1.70060      34.11000
       1.71160      34.79000
       1.72260      35.16000
       1.73360      35.02000
       1.74460      34.30000
       1.75560      33.07000
       1.76660      31.61000
       1.77760      30.27000
       1.78860      29.41000
       1.80060      29.26000
       1.81160      29.87000
       1.82260      31.10000
       1.83360      32.65000
       1.84460      34.25000
       1.85560      35.65000
       1.86660      36.70000
       1.87760      37.32000
       1.88860      37.45000
       1.90060      37.02000
       1.91160      36.00000
       1.92260      34.43000
       1.93360      32.45000
       1.94460      30.35000
       1.95560      28.48000
       1.96660      27.10000
       1.97760      26.33000
       1.98860      26.08000
       2.00060      26.10000
       2.01160      26.12000
       2.02260      25.93000
       2.03360      25.49000
       2.04460      24.90000
       2.05560      24.32000
       2.06660      23.95000
       2.07760      23.91000
       2.08860      24.24000
       2.10060      24.92000
       2.11160      25.85000
       2.12260      26.94000
       2.13360      28.07000
       2.14460      29.13000
       2.15560      30.00000
       2.16660      30.60000
       2.17760      30.87000
       2.18860      30.83000
       2.20060      30.54000
       2.21160      30.11000
       2.22260      29.65000
       2.23360      29.23000
       2.24460      28.82000
       2.25560      28.38000
       2.26660      27.81000
       2.27760      27.04000
       2.28860      26.05000
       2.30060      24.85000
       2.31160      23.53000
       2.32260      22.20000
       2.33360      21.01000
       2.34460      20.10000
       2.35560      19.61000
       2.36660      19.61000
       2.37760      20.10000
       2.38860      21.01000
       2.40060      22.24000
       2.41160      23.65000
       2.42260      25.15000
       2.43360      26.64000
       2.44460      28.05000
       2.45560      29.33000
       2.46660      30.41000
       2.47760      31.19000
       2.48860      31.60000
       2.50060      31.58000
       2.51160      31.13000
       2.52260      30.35000
       2.53360      29.43000
       2.54460      28.62000
       2.55560      28.14000
       2.56660      28.08000
       2.57760      28.43000
       2.58860      29.05000
       2.60060      29.76000
       2.61160      30.38000
       2.62260      30.78000
       2.63360      30.90000
       2.64460      30.72000
       2.65560      30.28000
       2.66660      29.65000
       2.67760      28.94000
       2.68860      28.31000
       2.70060      27.89000
       2.71160      27.78000
       2.72260      27.98000
       2.73360      28.41000
       2.74460      28.95000
       2.75560      29.51000
       2.76660      30.00000
       2.77760      30.34000
       2.78860      30.45000
       2.80060      30.23000
       2.81160      29.64000
       2.82260      28.78000
       2.83360      27.84000
       2.84460      27.08000
       2.85560      26.76000
       2.86660      26.99000
       2.87760      27.75000
       2.88860      28.86000
       2.90060      30.05000
       2.91160      31.01000
       2.92260      31.48000
       2.93360      31.28000
       2.94460      30.37000
       2.95560      28.86000
       2.96660      26.98000
       2.97760      25.00000
       2.98860      23.22000
       3.00060      21.85000
       3.01160      21.04000
       3.02260      20.84000
       3.03360      21.18000
       3.04460      21.94000
       3.05560      22.94000
       3.06660      23.98000
       3.07760      24.94000
       3.08860      25.73000
       3.10060      26.35000
       3.11160      26.77000
       3.12260      27.00000
       3.13360      27.01000
       3.14460      26.86000
       3.15560      26.61000
       3.16660      26.40000
       3.17760      26.35000
       3.18860      26.53000
       3.20060      26.90000
       3.21160      27.34000
       3.22260      27.73000
       3.23360      27.96000
       3.24460      27.99000
       3.25560      27.83000
       3.26660      27.50000
       3.27760      27.04000
       3.28860      26.48000
       3.30060      25.89000
       3.31160      25.36000
       3.32260      25.04000
       3.33360      25.08000
       3.34460      25.59000
       3.35560      26.58000
       3.36660      27.96000
       3.37760      29.52000
       3.38960      31.01000
       3.40060      32.15000
       3.41160      32.75000
       3.42260      32.77000
       3.43360      32.33000
       3.44460      31.70000
       3.45560      31.16000
       3.46660      30.93000
       3.47760      31.05000
       3.48960      31.43000
       3.50060      31.95000
       3.51160      32.51000
       3.52260      33.10000
       3.53360      33.79000
       3.54460      34.62000
       3.55560      35.58000
       3.56660      36.61000
       3.57760      37.63000
       3.58960      38.58000
       3.60060      39.39000
       3.61160      39.96000
       3.62260      40.16000
       3.63360      39.86000
       3.64460      39.03000
       3.65560      37.76000
       3.66660      36.32000
       3.67760      35.09000
       3.68960      34.39000
       3.70060      34.46000
       3.71160      35.36000
       3.72260      36.95000
       3.73360      38.94000
       3.74460      40.95000
       3.75560      42.62000
       3.76660      43.64000
       3.77760      43.91000
       3.78960      43.50000
       3.80060      42.61000
       3.81160      41.47000
       3.82260      40.22000
       3.83360      38.91000
       3.84460      37.59000
       3.85560      36.34000
       3.86660      35.36000
       3.87760      34.90000
       3.88960      35.08000
       3.90060      35.82000
       3.91160      36.82000
       3.92260      37.70000
       3.93360      38.16000
       3.94460      38.09000
       3.95560      37.64000
       3.96660      37.10000
       3.97760      36.77000
       3.98960      36.79000
       4.00060      37.15000
       4.01160      37.62000
       4.02260      37.99000
       4.03360      38.06000
       4.04460      37.84000
       4.05560      37.41000
       4.06660      36.98000
       4.07760      36.72000
       4.08960      36.78000
       4.10060      37.22000
       4.11160      38.00000
       4.12260      38.99000
       4.13360      39.97000
       4.14460      40.70000
       4.15560      41.00000
       4.16660      40.80000
       4.17760      40.23000
       4.18960      39.51000
       4.20060      38.87000
       4.21160      38.44000
       4.22260      38.21000
       4.23360      38.08000
       4.24460      37.90000
       4.25560      37.59000
       4.26660      37.15000
       4.27760      36.67000
       4.28960      36.28000
       4.30060      36.12000
       4.31160      36.28000
       4.32260      36.73000
       4.33360      37.38000
       4.34460      38.06000
       4.35560      38.65000
       4.36660      39.07000
       4.37760      39.32000
       4.38960      39.36000
       4.40060      39.11000
       4.41160      38.47000
       4.42260      37.39000
       4.43360      36.00000
       4.44460      34.53000
       4.45560      33.30000
       4.46660      32.54000
       4.47760      32.34000
       4.48960      32.63000
       4.50060      33.29000
       4.51160      34.15000
       4.52260      35.09000
       4.53360      35.98000
       4.54460      36.71000
       4.55560      37.15000
       4.56660      37.20000
       4.57760      36.81000
       4.58960      36.06000
       4.60060      35.12000
       4.61160      34.25000
       4.62260      33.70000
       4.63360      33.57000
       4.64460      33.80000
       4.65560      34.19000
       4.66660      34.47000
       4.67760      34.44000
       4.68960      34.06000
       4.70060      33.42000
       4.71160      32.70000
       4.72260      32.06000
       4.73360      31.60000
       4.74460      31.32000
       4.75560      31.11000
       4.76660      30.88000
       4.77760      30.54000
       4.78960      30.09000
       4.80060      29.57000
       4.81160      28.97000
       4.82260      28.23000
       4.83360      27.26000
       4.84460      25.94000
       4.85560      24.26000
       4.86660      22.26000
       4.87760      20.10000
       4.88960      17.91000
       4.90060      15.84000
       4.91160      13.96000
       4.92260      12.35000
       4.93360      11.03000
       4.94460      10.03000
       4.95560       9.37200
       4.96660       8.99900
       4.97760       8.81600
       4.98960       8.68000
       5.00060       8.44000
       5.01160       7.98000
       5.02260       7.25800
       5.03360       6.31400
       5.04460       5.25800
       5.05560       4.22000
       5.06660       3.31000
       5.07860       2.58400
       5.08960       2.04100
       5.10060       1.64200
       5.11160       1.33800
       5.12260       1.09100
       5.13360       0.88480
       5.14460       0.72160
       5.15560       0.60740
       5.16660       0.54250
       5.17860       0.51750
       5.18960       0.51670
       5.20060       0.52440
       5.21160       0.52900
       5.22260       0.52330
       5.23360       0.50250
       5.24460       0.46320
       5.25560       0.40500
       5.26660       0.33190
       5.27860       0.25240
       5.28960       0.17670
       5.30060       0.11330
       5.31160       0.06629
       5.32260       0.03531
       5.33360       0.01709
       5.34460       0.00751
       5.35560       0.00300
       5.36660       0.00109
       5.37860       0.00036
       5.38960       0.00011
       5.40060       0.00003
       5.41160       0.00001
       5.42260       0.00000
       5.43360       0.00000
       5.44460       0.00000
       5.45560       0.00000
       5.46660       0.00000
       5.47860       0.00000
       5.48960       0.00000
       5.50060       0.00000
       5.51160       0.00000
       5.52260       0.00000
       5.53360       0.00000
       5.54460       0.00000
       5.55560       0.00000
       5.56660       0.00000
       5.57860       0.00000
       5.58960       0.00000
       5.60060       0.00000
       5.61160       0.00000
       5.62260       0.00000
       5.63360       0.00000
       5.64460       0.00000
       5.65560       0.00000
       5.66660       0.00000
       5.67860       0.00000
       5.68960       0.00000
       5.70060       0.00000
       5.71160       0.00000
       5.72260       0.00000
       5.73360       0.00000
       5.74460       0.00000
       5.75560       0.00000
       5.76660       0.00000
       5.77860       0.00000
       5.78960       0.00000
       5.80060       0.00000
       5.81160       0.00000
       5.82260       0.00000
       5.83360       0.00000
       5.84460       0.00000
       5.85560       0.00000
       5.86660       0.00000
       5.87860       0.00000
       5.88960       0.00000
       5.90060       0.00000
       5.91160       0.00000
       5.92260       0.00000
       5.93360       0.00000
       5.94460       0.00000
       5.95560       0.00000
       5.96660       0.00000
       5.97860       0.00000
       5.98960       0.00000
       6.00060       0.00000
       6.01160       0.00000
       6.02260       0.00000
       6.03360       0.00000
       6.04460       0.00000
       6.05560       0.00000
       6.06660       0.00000
       6.07860       0.00000
       6.08960       0.00000
       6.10060       0.00000
       6.11160       0.00000
       6.12260       0.00000
       6.13360       0.00000
       6.14460       0.00000
       6.15560       0.00000
       6.16660       0.00000
       6.17860       0.00000
       6.18960       0.00000
       6.20060       0.00000
       6.21160       0.00000
       6.22260       0.00000
       6.23360       0.00000
       6.24460       0.00000
       6.25560       0.00000
       6.26660       0.00000
       6.27860       0.00000
       6.28960       0.00000
       6.30060       0.00000
       6.31160       0.00000
       6.32260       0.00000
       6.33360       0.00000
       6.34460       0.00000
       6.35560       0.00000
       6.36660       0.00000
       6.37860       0.00000
       6.38960       0.00000
       6.40060       0.00000
       6.41160       0.00000
       6.42260       0.00000
       6.43360       0.00000
       6.44460       0.00000
       6.45560       0.00000
       6.46660       0.00000
       6.47860       0.00000
       6.48960       0.00000
       6.50060       0.00000
       6.51160       0.00000
       6.52260       0.00000
       6.53360       0.00000
       6.54460       0.00000
       6.55560       0.00000
       6.56660       0.00000
       6.57860       0.00000
       6.58960       0.00000
       6.60060       0.00000
       6.61160       0.00000
       6.62260       0.00000
       6.63360       0.00000
       6.64460       0.00000
       6.65560       0.00000
       6.66660       0.00000
       6.67860       0.00000
       6.68960       0.00000
       6.70060       0.00000
       6.71160       0.00000
       6.72260       0.00000
       6.73360       0.00000
       6.74460       0.00000
       6.75560       0.00000
