      #Energy        TDOS
     -26.81961       0.00000
     -26.80861       0.00000
     -26.79761       0.00000
     -26.78661       0.00000
     -26.77561       0.00000
     -26.76461       0.00000
     -26.75261       0.00000
     -26.74161       0.00000
     -26.73061       0.00000
     -26.71961       0.00000
     -26.70861       0.00000
     -26.69761       0.00000
     -26.68661       0.00000
     -26.67561       0.00000
     -26.66361       0.00000
     -26.65261       0.00000
     -26.64161       0.00000
     -26.63061       0.00000
     -26.61961       0.00000
     -26.60861       0.00000
     -26.59761       0.00000
     -26.58661       0.00000
     -26.57461       0.00000
     -26.56361       0.00000
     -26.55261       0.00000
     -26.54161       0.00000
     -26.53061       0.00000
     -26.51961       0.00000
     -26.50861       0.00000
     -26.49761       0.00000
     -26.48561       0.00000
     -26.47461       0.00000
     -26.46361       0.00000
     -26.45261       0.00000
     -26.44161       0.00000
     -26.43061       0.00000
     -26.41961       0.00000
     -26.40861       0.00000
     -26.39661       0.00000
     -26.38561       0.00000
     -26.37461       0.00000
     -26.36361       0.00000
     -26.35261       0.00000
     -26.34161       0.00000
     -26.33061       0.00000
     -26.31961       0.00000
     -26.30761       0.00000
     -26.29661       0.00000
     -26.28561       0.00000
     -26.27461       0.00000
     -26.26361       0.00000
     -26.25261       0.00000
     -26.24161       0.00000
     -26.23061       0.00000
     -26.21861       0.00000
     -26.20761       0.00000
     -26.19661       0.00000
     -26.18561       0.00000
     -26.17461       0.00000
     -26.16361       0.00000
     -26.15261       0.00000
     -26.14161       0.00000
     -26.12961       0.00000
     -26.11861       0.00000
     -26.10761       0.00000
     -26.09661       0.00000
     -26.08561       0.00000
     -26.07461       0.00000
     -26.06361       0.00000
     -26.05261       0.00000
     -26.04161       0.00000
     -26.02961       0.00000
     -26.01861       0.00000
     -26.00761       0.00000
     -25.99661       0.00000
     -25.98561       0.00000
     -25.97461       0.00000
     -25.96361       0.00000
     -25.95261       0.00000
     -25.94061       0.00000
     -25.92961       0.00000
     -25.91861       0.00000
     -25.90761       0.00000
     -25.89661       0.00000
     -25.88561       0.00000
     -25.87461       0.00000
     -25.86361       0.00000
     -25.85161       0.00000
     -25.84061       0.00000
     -25.82961       0.00000
     -25.81861       0.00000
     -25.80761       0.00000
     -25.79661       0.00000
     -25.78561       0.00000
     -25.77461       0.00000
     -25.76261       0.00000
     -25.75161       0.00000
     -25.74061       0.00000
     -25.72961       0.00000
     -25.71861       0.00000
     -25.70761       0.00000
     -25.69661       0.00000
     -25.68561       0.00000
     -25.67361       0.00000
     -25.66261       0.00000
     -25.65161       0.00000
     -25.64061       0.00000
     -25.62961       0.00000
     -25.61861       0.00000
     -25.60761       0.00000
     -25.59661       0.00000
     -25.58461       0.00000
     -25.57361       0.00000
     -25.56261       0.00000
     -25.55161       0.00000
     -25.54061       0.00000
     -25.52961       0.00000
     -25.51861       0.00000
     -25.50761       0.00000
     -25.49561       0.00000
     -25.48461       0.00002
     -25.47361       0.00011
     -25.46261       0.00050
     -25.45161       0.00209
     -25.44061       0.00798
     -25.42961       0.02768
     -25.41861       0.08753
     -25.40661       0.25250
     -25.39561       0.66530
     -25.38461       1.60400
     -25.37361       3.54400
     -25.36261       7.19500
     -25.35161      13.46000
     -25.34061      23.30000
     -25.32961      37.47000
     -25.31761      56.32000
     -25.30661      79.67000
     -25.29561     106.90000
     -25.28461     137.00000
     -25.27361     169.20000
     -25.26261     202.10000
     -25.25161     234.20000
     -25.24061     263.40000
     -25.22861     287.40000
     -25.21761     304.20000
     -25.20661     313.40000
     -25.19561     316.50000
     -25.18461     316.30000
     -25.17361     315.80000
     -25.16261     317.40000
     -25.15161     321.70000
     -25.13961     328.00000
     -25.12861     335.60000
     -25.11761     344.30000
     -25.10661     355.00000
     -25.09561     369.30000
     -25.08461     388.70000
     -25.07361     414.40000
     -25.06261     446.60000
     -25.05161     485.30000
     -25.03961     529.00000
     -25.02861     574.60000
     -25.01761     617.10000
     -25.00661     650.70000
     -24.99561     670.50000
     -24.98461     675.60000
     -24.97361     670.00000
     -24.96261     661.70000
     -24.95061     659.50000
     -24.93961     669.20000
     -24.92861     691.30000
     -24.91761     720.70000
     -24.90661     749.80000
     -24.89561     772.30000
     -24.88461     785.80000
     -24.87361     792.50000
     -24.86161     797.40000
     -24.85061     805.50000
     -24.83961     820.20000
     -24.82861     841.70000
     -24.81761     867.10000
     -24.80661     890.70000
     -24.79561     906.20000
     -24.78461     909.40000
     -24.77261     901.00000
     -24.76161     886.40000
     -24.75061     873.70000
     -24.73961     869.70000
     -24.72861     876.70000
     -24.71761     892.80000
     -24.70661     913.30000
     -24.69561     934.50000
     -24.68361     954.60000
     -24.67261     973.60000
     -24.66161     992.30000
     -24.65061    1011.00000
     -24.63961    1028.00000
     -24.62861    1042.00000
     -24.61761    1053.00000
     -24.60661    1059.00000
     -24.59461    1060.00000
     -24.58361    1057.00000
     -24.57261    1052.00000
     -24.56161    1045.00000
     -24.55061    1039.00000
     -24.53961    1037.00000
     -24.52861    1040.00000
     -24.51761    1050.00000
     -24.50561    1064.00000
     -24.49461    1076.00000
     -24.48361    1077.00000
     -24.47261    1062.00000
     -24.46161    1029.00000
     -24.45061     982.70000
     -24.43961     930.40000
     -24.42861     880.10000
     -24.41661     836.20000
     -24.40561     798.80000
     -24.39461     764.50000
     -24.38361     729.50000
     -24.37261     692.60000
     -24.36161     656.20000
     -24.35061     625.80000
     -24.33961     607.70000
     -24.32761     606.30000
     -24.31661     622.00000
     -24.30561     650.70000
     -24.29461     686.10000
     -24.28361     721.90000
     -24.27261     754.90000
     -24.26161     785.20000
     -24.25061     816.10000
     -24.23861     851.50000
     -24.22761     894.30000
     -24.21661     944.00000
     -24.20561     996.50000
     -24.19461    1045.00000
     -24.18361    1082.00000
     -24.17261    1104.00000
     -24.16161    1108.00000
     -24.14961    1100.00000
     -24.13861    1084.00000
     -24.12761    1066.00000
     -24.11661    1049.00000
     -24.10561    1031.00000
     -24.09461    1009.00000
     -24.08361     976.90000
     -24.07261     933.80000
     -24.06161     881.70000
     -24.04961     827.20000
     -24.03861     779.20000
     -24.02761     745.10000
     -24.01661     727.20000
     -24.00561     721.60000
     -23.99461     719.10000
     -23.98361     709.60000
     -23.97261     686.10000
     -23.96061     648.30000
     -23.94961     602.20000
     -23.93861     556.40000
     -23.92761     517.90000
     -23.91661     489.60000
     -23.90561     470.60000
     -23.89461     457.70000
     -23.88361     448.30000
     -23.87161     441.50000
     -23.86061     437.90000
     -23.84961     438.40000
     -23.83861     443.70000
     -23.82761     453.70000
     -23.81661     467.70000
     -23.80561     484.60000
     -23.79461     503.30000
     -23.78261     522.70000
     -23.77161     541.60000
     -23.76061     557.60000
     -23.74961     567.70000
     -23.73861     568.10000
     -23.72761     555.80000
     -23.71661     529.50000
     -23.70561     490.40000
     -23.69361     442.30000
     -23.68261     389.60000
     -23.67161     336.40000
     -23.66061     285.50000
     -23.64961     239.00000
     -23.63861     198.50000
     -23.62761     166.50000
     -23.61661     145.40000
     -23.60461     136.70000
     -23.59361     140.30000
     -23.58261     153.70000
     -23.57161     172.20000
     -23.56061     191.00000
     -23.54961     206.10000
     -23.53861     216.40000
     -23.52761     223.60000
     -23.51561     231.00000
     -23.50461     241.50000
     -23.49361     255.70000
     -23.48261     272.10000
     -23.47161     288.10000
     -23.46061     302.50000
     -23.44961     316.40000
     -23.43861     332.00000
     -23.42661     351.00000
     -23.41561     372.80000
     -23.40461     393.70000
     -23.39361     408.80000
     -23.38261     414.10000
     -23.37161     407.90000
     -23.36061     390.90000
     -23.34961     365.00000
     -23.33761     332.10000
     -23.32661     294.20000
     -23.31561     253.40000
     -23.30461     213.20000
     -23.29361     177.40000
     -23.28261     148.90000
     -23.27161     129.30000
     -23.26061     117.40000
     -23.24861     110.80000
     -23.23761     106.40000
     -23.22661     102.00000
     -23.21561      96.45000
     -23.20461      89.82000
     -23.19361      82.89000
     -23.18261      76.41000
     -23.17161      70.55000
     -23.15961      64.78000
     -23.14861      58.20000
     -23.13761      50.15000
     -23.12661      40.72000
     -23.11561      30.72000
     -23.10461      21.35000
     -23.09361      13.57000
     -23.08261       7.87300
     -23.07061       4.15400
     -23.05961       1.99200
     -23.04861       0.86720
     -23.03761       0.34260
     -23.02661       0.12280
     -23.01561       0.03991
     -23.00461       0.01177
     -22.99361       0.00315
     -22.98261       0.00076
     -22.97061       0.00017
     -22.95961       0.00003
     -22.94861       0.00001
     -22.93761       0.00000
     -22.92661       0.00000
     -22.91561       0.00000
     -22.90461       0.00000
     -22.89361       0.00000
     -22.88161       0.00000
     -22.87061       0.00000
     -22.85961       0.00000
     -22.84861       0.00000
     -22.83761       0.00000
     -22.82661       0.00000
     -22.81561       0.00000
     -22.80461       0.00000
     -22.79261       0.00000
     -22.78161       0.00000
     -22.77061       0.00000
     -22.75961       0.00000
     -22.74861       0.00000
     -22.73761       0.00000
     -22.72661       0.00000
     -22.71561       0.00000
     -22.70361       0.00000
     -22.69261       0.00000
     -22.68161       0.00000
     -22.67061       0.00000
     -22.65961       0.00000
     -22.64861       0.00000
     -22.63761       0.00000
     -22.62661       0.00000
     -22.61461       0.00000
     -22.60361       0.00000
     -22.59261       0.00000
     -22.58161       0.00000
     -22.57061       0.00000
     -22.55961       0.00000
     -22.54861       0.00000
     -22.53761       0.00000
     -22.52561       0.00000
     -22.51461       0.00000
     -22.50361       0.00000
     -22.49261       0.00000
     -22.48161       0.00000
     -22.47061       0.00000
     -22.45961       0.00000
     -22.44861       0.00000
     -22.43661       0.00000
     -22.42561       0.00000
     -22.41461       0.00000
     -22.40361       0.00000
     -22.39261       0.00000
     -22.38161       0.00000
     -22.37061       0.00000
     -22.35961       0.00000
     -22.34761       0.00000
     -22.33661       0.00000
     -22.32561       0.00000
     -22.31461       0.00000
     -22.30361       0.00000
     -22.29261       0.00000
     -22.28161       0.00000
     -22.27061       0.00000
     -22.25861       0.00000
     -22.24761       0.00000
     -22.23661       0.00000
     -22.22561       0.00000
     -22.21461       0.00000
     -22.20361       0.00000
     -22.19261       0.00000
     -22.18161       0.00000
     -22.16961       0.00000
     -22.15861       0.00000
     -22.14761       0.00000
     -22.13661       0.00000
     -22.12561       0.00000
     -22.11461       0.00000
     -22.10361       0.00000
     -22.09261       0.00000
     -22.08061       0.00000
     -22.06961       0.00000
     -22.05861       0.00000
     -22.04761       0.00000
     -22.03661       0.00000
     -22.02561       0.00000
     -22.01461       0.00000
     -22.00361       0.00000
     -21.99261       0.00000
     -21.98061       0.00000
     -21.96961       0.00000
     -21.95861       0.00000
     -21.94761       0.00000
     -21.93661       0.00000
     -21.92561       0.00000
     -21.91461       0.00000
     -21.90361       0.00000
     -21.89161       0.00000
     -21.88061       0.00000
     -21.86961       0.00000
     -21.85861       0.00000
     -21.84761       0.00000
     -21.83661       0.00000
     -21.82561       0.00000
     -21.81461       0.00000
     -21.80261       0.00000
     -21.79161       0.00000
     -21.78061       0.00000
     -21.76961       0.00000
     -21.75861       0.00000
     -21.74761       0.00000
     -21.73661       0.00000
     -21.72561       0.00000
     -21.71361       0.00000
     -21.70261       0.00000
     -21.69161       0.00000
     -21.68061       0.00000
     -21.66961       0.00000
     -21.65861       0.00000
     -21.64761       0.00000
     -21.63661       0.00000
     -21.62461       0.00000
     -21.61361       0.00000
     -21.60261       0.00000
     -21.59161       0.00000
     -21.58061       0.00000
     -21.56961       0.00000
     -21.55861       0.00000
     -21.54761       0.00000
     -21.53561       0.00000
     -21.52461       0.00000
     -21.51361       0.00000
     -21.50261       0.00000
     -21.49161       0.00000
     -21.48061       0.00000
     -21.46961       0.00000
     -21.45861       0.00000
     -21.44661       0.00000
     -21.43561       0.00000
     -21.42461       0.00000
     -21.41361       0.00000
     -21.40261       0.00000
     -21.39161       0.00000
     -21.38061       0.00000
     -21.36961       0.00000
     -21.35761       0.00000
     -21.34661       0.00000
     -21.33561       0.00000
     -21.32461       0.00000
     -21.31361       0.00000
     -21.30261       0.00000
     -21.29161       0.00000
     -21.28061       0.00000
     -21.26861       0.00000
     -21.25761       0.00000
     -21.24661       0.00000
     -21.23561       0.00000
     -21.22461       0.00000
     -21.21361       0.00000
     -21.20261       0.00000
     -21.19161       0.00000
     -21.17961       0.00000
     -21.16861       0.00000
     -21.15761       0.00000
     -21.14661       0.00000
     -21.13561       0.00000
     -21.12461       0.00000
     -21.11361       0.00000
     -21.10261       0.00000
     -21.09061       0.00000
     -21.07961       0.00000
     -21.06861       0.00000
     -21.05761       0.00000
     -21.04661       0.00000
     -21.03561       0.00000
     -21.02461       0.00000
     -21.01361       0.00000
     -21.00261       0.00000
     -20.99061       0.00000
     -20.97961       0.00000
     -20.96861       0.00000
     -20.95761       0.00000
     -20.94661       0.00000
     -20.93561       0.00000
     -20.92461       0.00000
     -20.91361       0.00000
     -20.90161       0.00000
     -20.89061       0.00000
     -20.87961       0.00000
     -20.86861       0.00000
     -20.85761       0.00000
     -20.84661       0.00000
     -20.83561       0.00000
     -20.82461       0.00000
     -20.81261       0.00000
     -20.80161       0.00000
     -20.79061       0.00000
     -20.77961       0.00000
     -20.76861       0.00000
     -20.75761       0.00000
     -20.74661       0.00000
     -20.73561       0.00000
     -20.72361       0.00000
     -20.71261       0.00000
     -20.70161       0.00000
     -20.69061       0.00000
     -20.67961       0.00000
     -20.66861       0.00000
     -20.65761       0.00000
     -20.64661       0.00000
     -20.63461       0.00000
     -20.62361       0.00000
     -20.61261       0.00000
     -20.60161       0.00000
     -20.59061       0.00000
     -20.57961       0.00000
     -20.56861       0.00000
     -20.55761       0.00000
     -20.54561       0.00000
     -20.53461       0.00000
     -20.52361       0.00000
     -20.51261       0.00000
     -20.50161       0.00000
     -20.49061       0.00000
     -20.47961       0.00000
     -20.46861       0.00000
     -20.45661       0.00000
     -20.44561       0.00000
     -20.43461       0.00000
     -20.42361       0.00000
     -20.41261       0.00000
     -20.40161       0.00000
     -20.39061       0.00000
     -20.37961       0.00000
     -20.36761       0.00000
     -20.35661       0.00000
     -20.34561       0.00000
     -20.33461       0.00000
     -20.32361       0.00000
     -20.31261       0.00000
     -20.30161       0.00000
     -20.29061       0.00000
     -20.27861       0.00000
     -20.26761       0.00000
     -20.25661       0.00000
     -20.24561       0.00000
     -20.23461       0.00000
     -20.22361       0.00000
     -20.21261       0.00000
     -20.20161       0.00000
     -20.18961       0.00000
     -20.17861       0.00000
     -20.16761       0.00000
     -20.15661       0.00000
     -20.14561       0.00000
     -20.13461       0.00000
     -20.12361       0.00000
     -20.11261       0.00000
     -20.10061       0.00000
     -20.08961       0.00000
     -20.07861       0.00000
     -20.06761       0.00000
     -20.05661       0.00000
     -20.04561       0.00000
     -20.03461       0.00000
     -20.02361       0.00000
     -20.01261       0.00000
     -20.00061       0.00000
     -19.98961       0.00000
     -19.97861       0.00000
     -19.96761       0.00000
     -19.95661       0.00000
     -19.94561       0.00000
     -19.93461       0.00000
     -19.92361       0.00000
     -19.91161       0.00000
     -19.90061       0.00000
     -19.88961       0.00000
     -19.87861       0.00000
     -19.86761       0.00000
     -19.85661       0.00000
     -19.84561       0.00000
     -19.83461       0.00000
     -19.82261       0.00000
     -19.81161       0.00000
     -19.80061       0.00000
     -19.78961       0.00000
     -19.77861       0.00000
     -19.76761       0.00000
     -19.75661       0.00000
     -19.74561       0.00000
     -19.73361       0.00000
     -19.72261       0.00000
     -19.71161       0.00000
     -19.70061       0.00000
     -19.68961       0.00000
     -19.67861       0.00000
     -19.66761       0.00000
     -19.65661       0.00000
     -19.64461       0.00000
     -19.63361       0.00000
     -19.62261       0.00000
     -19.61161       0.00000
     -19.60061       0.00000
     -19.58961       0.00000
     -19.57861       0.00000
     -19.56761       0.00000
     -19.55561       0.00000
     -19.54461       0.00000
     -19.53361       0.00000
     -19.52261       0.00000
     -19.51161       0.00000
     -19.50061       0.00000
     -19.48961       0.00000
     -19.47861       0.00000
     -19.46661       0.00000
     -19.45561       0.00000
     -19.44461       0.00000
     -19.43361       0.00000
     -19.42261       0.00000
     -19.41161       0.00000
     -19.40061       0.00000
     -19.38961       0.00000
     -19.37761       0.00000
     -19.36661       0.00000
     -19.35561       0.00000
     -19.34461       0.00000
     -19.33361       0.00000
     -19.32261       0.00000
     -19.31161       0.00000
     -19.30061       0.00000
     -19.28861       0.00000
     -19.27761       0.00000
     -19.26661       0.00000
     -19.25561       0.00000
     -19.24461       0.00000
     -19.23361       0.00000
     -19.22261       0.00000
     -19.21161       0.00000
     -19.19961       0.00000
     -19.18861       0.00000
     -19.17761       0.00000
     -19.16661       0.00000
     -19.15561       0.00000
     -19.14461       0.00000
     -19.13361       0.00000
     -19.12261       0.00000
     -19.11061       0.00000
     -19.09961       0.00000
     -19.08861       0.00000
     -19.07761       0.00000
     -19.06661       0.00000
     -19.05561       0.00000
     -19.04461       0.00000
     -19.03361       0.00000
     -19.02261       0.00000
     -19.01061       0.00000
     -18.99961       0.00000
     -18.98861       0.00000
     -18.97761       0.00000
     -18.96661       0.00000
     -18.95561       0.00000
     -18.94461       0.00000
     -18.93361       0.00000
     -18.92161       0.00000
     -18.91061       0.00000
     -18.89961       0.00000
     -18.88861       0.00000
     -18.87761       0.00000
     -18.86661       0.00000
     -18.85561       0.00000
     -18.84461       0.00000
     -18.83261       0.00000
     -18.82161       0.00000
     -18.81061       0.00000
     -18.79961       0.00000
     -18.78861       0.00000
     -18.77761       0.00000
     -18.76661       0.00000
     -18.75561       0.00000
     -18.74361       0.00000
     -18.73261       0.00000
     -18.72161       0.00000
     -18.71061       0.00000
     -18.69961       0.00000
     -18.68861       0.00000
     -18.67761       0.00000
     -18.66661       0.00000
     -18.65461       0.00000
     -18.64361       0.00000
     -18.63261       0.00000
     -18.62161       0.00000
     -18.61061       0.00000
     -18.59961       0.00000
     -18.58861       0.00000
     -18.57761       0.00000
     -18.56561       0.00000
     -18.55461       0.00000
     -18.54361       0.00000
     -18.53261       0.00000
     -18.52161       0.00000
     -18.51061       0.00000
     -18.49961       0.00000
     -18.48861       0.00000
     -18.47661       0.00000
     -18.46561       0.00000
     -18.45461       0.00000
     -18.44361       0.00000
     -18.43261       0.00000
     -18.42161       0.00000
     -18.41061       0.00000
     -18.39961       0.00000
     -18.38761       0.00000
     -18.37661       0.00000
     -18.36561       0.00000
     -18.35461       0.00000
     -18.34361       0.00000
     -18.33261       0.00000
     -18.32161       0.00000
     -18.31061       0.00000
     -18.29861       0.00000
     -18.28761       0.00000
     -18.27661       0.00000
     -18.26561       0.00000
     -18.25461       0.00000
     -18.24361       0.00000
     -18.23261       0.00000
     -18.22161       0.00000
     -18.20961       0.00000
     -18.19861       0.00000
     -18.18761       0.00000
     -18.17661       0.00000
     -18.16561       0.00000
     -18.15461       0.00000
     -18.14361       0.00000
     -18.13261       0.00000
     -18.12061       0.00000
     -18.10961       0.00000
     -18.09861       0.00000
     -18.08761       0.00000
     -18.07661       0.00000
     -18.06561       0.00000
     -18.05461       0.00000
     -18.04361       0.00000
     -18.03261       0.00000
     -18.02061       0.00000
     -18.00961       0.00000
     -17.99861       0.00000
     -17.98761       0.00000
     -17.97661       0.00000
     -17.96561       0.00000
     -17.95461       0.00000
     -17.94361       0.00000
     -17.93161       0.00000
     -17.92061       0.00000
     -17.90961       0.00000
     -17.89861       0.00000
     -17.88761       0.00000
     -17.87661       0.00000
     -17.86561       0.00000
     -17.85461       0.00000
     -17.84261       0.00000
     -17.83161       0.00000
     -17.82061       0.00000
     -17.80961       0.00000
     -17.79861       0.00000
     -17.78761       0.00000
     -17.77661       0.00000
     -17.76561       0.00000
     -17.75361       0.00000
     -17.74261       0.00000
     -17.73161       0.00000
     -17.72061       0.00000
     -17.70961       0.00000
     -17.69861       0.00000
     -17.68761       0.00000
     -17.67661       0.00000
     -17.66461       0.00000
     -17.65361       0.00000
     -17.64261       0.00000
     -17.63161       0.00000
     -17.62061       0.00000
     -17.60961       0.00000
     -17.59861       0.00000
     -17.58761       0.00000
     -17.57561       0.00000
     -17.56461       0.00000
     -17.55361       0.00000
     -17.54261       0.00000
     -17.53161       0.00000
     -17.52061       0.00000
     -17.50961       0.00000
     -17.49861       0.00000
     -17.48661       0.00000
     -17.47561       0.00000
     -17.46461       0.00000
     -17.45361       0.00000
     -17.44261       0.00000
     -17.43161       0.00000
     -17.42061       0.00000
     -17.40961       0.00000
     -17.39761       0.00000
     -17.38661       0.00000
     -17.37561       0.00000
     -17.36461       0.00000
     -17.35361       0.00000
     -17.34261       0.00000
     -17.33161       0.00000
     -17.32061       0.00000
     -17.30861       0.00000
     -17.29761       0.00000
     -17.28661       0.00000
     -17.27561       0.00000
     -17.26461       0.00000
     -17.25361       0.00000
     -17.24261       0.00000
     -17.23161       0.00000
     -17.21961       0.00000
     -17.20861       0.00000
     -17.19761       0.00000
     -17.18661       0.00000
     -17.17561       0.00000
     -17.16461       0.00000
     -17.15361       0.00000
     -17.14261       0.00000
     -17.13061       0.00000
     -17.11961       0.00000
     -17.10861       0.00000
     -17.09761       0.00000
     -17.08661       0.00000
     -17.07561       0.00000
     -17.06461       0.00000
     -17.05361       0.00000
     -17.04161       0.00000
     -17.03061       0.00000
     -17.01961       0.00000
     -17.00861       0.00000
     -16.99761       0.00000
     -16.98661       0.00000
     -16.97561       0.00000
     -16.96461       0.00000
     -16.95361       0.00000
     -16.94161       0.00000
     -16.93061       0.00000
     -16.91961       0.00000
     -16.90861       0.00000
     -16.89761       0.00000
     -16.88661       0.00000
     -16.87561       0.00000
     -16.86461       0.00000
     -16.85261       0.00000
     -16.84161       0.00000
     -16.83061       0.00000
     -16.81961       0.00000
     -16.80861       0.00000
     -16.79761       0.00000
     -16.78661       0.00000
     -16.77561       0.00000
     -16.76361       0.00000
     -16.75261       0.00000
     -16.74161       0.00000
     -16.73061       0.00000
     -16.71961       0.00000
     -16.70861       0.00000
     -16.69761       0.00000
     -16.68661       0.00000
     -16.67461       0.00000
     -16.66361       0.00000
     -16.65261       0.00000
     -16.64161       0.00000
     -16.63061       0.00000
     -16.61961       0.00000
     -16.60861       0.00000
     -16.59761       0.00000
     -16.58561       0.00000
     -16.57461       0.00000
     -16.56361       0.00000
     -16.55261       0.00000
     -16.54161       0.00000
     -16.53061       0.00000
     -16.51961       0.00000
     -16.50861       0.00000
     -16.49661       0.00000
     -16.48561       0.00000
     -16.47461       0.00000
     -16.46361       0.00000
     -16.45261       0.00000
     -16.44161       0.00000
     -16.43061       0.00000
     -16.41961       0.00000
     -16.40761       0.00000
     -16.39661       0.00000
     -16.38561       0.00000
     -16.37461       0.00000
     -16.36361       0.00000
     -16.35261       0.00000
     -16.34161       0.00000
     -16.33061       0.00000
     -16.31861       0.00000
     -16.30761       0.00000
     -16.29661       0.00000
     -16.28561       0.00000
     -16.27461       0.00000
     -16.26361       0.00000
     -16.25261       0.00000
     -16.24161       0.00000
     -16.22961       0.00000
     -16.21861       0.00000
     -16.20761       0.00000
     -16.19661       0.00000
     -16.18561       0.00000
     -16.17461       0.00000
     -16.16361       0.00000
     -16.15261       0.00000
     -16.14061       0.00000
     -16.12961       0.00000
     -16.11861       0.00000
     -16.10761       0.00000
     -16.09661       0.00000
     -16.08561       0.00000
     -16.07461       0.00000
     -16.06361       0.00000
     -16.05161       0.00000
     -16.04061       0.00000
     -16.02961       0.00000
     -16.01861       0.00000
     -16.00761       0.00000
     -15.99661       0.00000
     -15.98561       0.00000
     -15.97461       0.00000
     -15.96361       0.00000
     -15.95161       0.00000
     -15.94061       0.00000
     -15.92961       0.00000
     -15.91861       0.00000
     -15.90761       0.00000
     -15.89661       0.00000
     -15.88561       0.00000
     -15.87461       0.00000
     -15.86261       0.00000
     -15.85161       0.00000
     -15.84061       0.00000
     -15.82961       0.00000
     -15.81861       0.00000
     -15.80761       0.00000
     -15.79661       0.00000
     -15.78561       0.00000
     -15.77361       0.00000
     -15.76261       0.00000
     -15.75161       0.00000
     -15.74061       0.00000
     -15.72961       0.00000
     -15.71861       0.00000
     -15.70761       0.00000
     -15.69661       0.00000
     -15.68461       0.00000
     -15.67361       0.00000
     -15.66261       0.00000
     -15.65161       0.00000
     -15.64061       0.00000
     -15.62961       0.00000
     -15.61861       0.00000
     -15.60761       0.00000
     -15.59561       0.00000
     -15.58461       0.00000
     -15.57361       0.00000
     -15.56261       0.00000
     -15.55161       0.00000
     -15.54061       0.00000
     -15.52961       0.00000
     -15.51861       0.00000
     -15.50661       0.00000
     -15.49561       0.00000
     -15.48461       0.00000
     -15.47361       0.00000
     -15.46261       0.00000
     -15.45161       0.00000
     -15.44061       0.00000
     -15.42961       0.00000
     -15.41761       0.00000
     -15.40661       0.00000
     -15.39561       0.00000
     -15.38461       0.00000
     -15.37361       0.00000
     -15.36261       0.00000
     -15.35161       0.00000
     -15.34061       0.00001
     -15.32861       0.00003
     -15.31761       0.00016
     -15.30661       0.00071
     -15.29561       0.00280
     -15.28461       0.01006
     -15.27361       0.03279
     -15.26261       0.09688
     -15.25161       0.25950
     -15.23961       0.62990
     -15.22861       1.38600
     -15.21761       2.76500
     -15.20661       5.00000
     -15.19561       8.19500
     -15.18461      12.18000
     -15.17361      16.40000
     -15.16261      20.02000
     -15.15061      22.16000
     -15.13961      22.24000
     -15.12861      20.22000
     -15.11761      16.67000
     -15.10661      12.46000
     -15.09561       8.44100
     -15.08461       5.18400
     -15.07361       2.88600
     -15.06161       1.45900
     -15.05061       0.67740
     -15.03961       0.31290
     -15.02861       0.21130
     -15.01761       0.32060
     -15.00661       0.69650
     -14.99561       1.49700
     -14.98461       2.95100
     -14.97361       5.28100
     -14.96161       8.57000
     -14.95061      12.61000
     -14.93961      16.81000
     -14.92861      20.32000
     -14.91761      22.27000
     -14.90661      22.12000
     -14.89561      19.92000
     -14.88461      16.26000
     -14.87261      12.04000
     -14.86161       8.08800
     -14.85061       4.96500
     -14.83961       2.87100
     -14.82861       1.77600
     -14.81761       1.59100
     -14.80661       2.29500
     -14.79561       3.95900
     -14.78361       6.66400
     -14.77261      10.33000
     -14.76161      14.60000
     -14.75061      18.77000
     -14.73961      22.07000
     -14.72861      23.90000
     -14.71761      24.21000
     -14.70661      23.53000
     -14.69461      22.74000
     -14.68361      22.58000
     -14.67261      23.25000
     -14.66161      24.33000
     -14.65061      25.11000
     -14.63961      25.04000
     -14.62861      24.14000
     -14.61761      22.94000
     -14.60561      22.19000
     -14.59461      22.34000
     -14.58361      23.23000
     -14.57261      24.17000
     -14.56161      24.35000
     -14.55061      23.33000
     -14.53961      21.33000
     -14.52861      19.17000
     -14.51661      17.84000
     -14.50561      18.05000
     -14.49461      19.92000
     -14.48361      23.02000
     -14.47261      26.63000
     -14.46161      30.25000
     -14.45061      33.85000
     -14.43961      37.81000
     -14.42761      42.61000
     -14.41661      48.26000
     -14.40561      54.13000
     -14.39461      58.94000
     -14.38361      61.23000
     -14.37261      59.94000
     -14.36161      54.82000
     -14.35061      46.56000
     -14.33861      36.59000
     -14.32761      26.54000
     -14.31661      17.80000
     -14.30561      11.22000
     -14.29461       7.10500
     -14.28361       5.39500
     -14.27261       5.94100
     -14.26161       8.62100
     -14.24961      13.33000
     -14.23861      19.86000
     -14.22761      27.75000
     -14.21661      36.28000
     -14.20561      44.46000
     -14.19461      51.24000
     -14.18361      55.65000
     -14.17261      57.05000
     -14.16061      55.42000
     -14.14961      51.53000
     -14.13861      46.89000
     -14.12761      43.41000
     -14.11661      42.74000
     -14.10561      45.63000
     -14.09461      51.64000
     -14.08361      59.22000
     -14.07161      66.31000
     -14.06061      71.03000
     -14.04961      72.24000
     -14.03861      69.82000
     -14.02761      64.55000
     -14.01661      57.82000
     -14.00561      51.30000
     -13.99461      46.62000
     -13.98361      45.01000
     -13.97161      47.01000
     -13.96061      52.13000
     -13.94961      59.02000
     -13.93861      65.86000
     -13.92761      71.08000
     -13.91661      74.01000
     -13.90561      75.05000
     -13.89461      75.39000
     -13.88261      76.30000
     -13.87161      78.45000
     -13.86061      81.59000
     -13.84961      84.65000
     -13.83861      86.33000
     -13.82761      85.78000
     -13.81661      83.16000
     -13.80561      79.60000
     -13.79361      76.73000
     -13.78261      75.90000
     -13.77161      77.59000
     -13.76061      81.32000
     -13.74961      86.02000
     -13.73861      90.52000
     -13.72761      93.96000
     -13.71661      95.95000
     -13.70461      96.47000
     -13.69361      95.74000
     -13.68261      94.10000
     -13.67161      91.87000
     -13.66061      89.33000
     -13.64961      86.73000
     -13.63861      84.25000
     -13.62761      82.04000
     -13.61561      80.12000
     -13.60461      78.53000
     -13.59361      77.34000
     -13.58261      76.88000
     -13.57161      77.59000
     -13.56061      79.82000
     -13.54961      83.49000
     -13.53861      87.90000
     -13.52661      91.97000
     -13.51561      94.63000
     -13.50461      95.39000
     -13.49361      94.51000
     -13.48261      92.80000
     -13.47161      91.15000
     -13.46061      90.11000
     -13.44961      89.74000
     -13.43761      89.82000
     -13.42661      90.21000
     -13.41561      91.11000
     -13.40461      93.04000
     -13.39361      96.53000
     -13.38261     101.80000
     -13.37161     108.40000
     -13.36061     115.40000
     -13.34861     121.70000
     -13.33761     126.20000
     -13.32661     128.50000
     -13.31561     128.70000
     -13.30461     127.30000
     -13.29361     125.00000
     -13.28261     122.10000
     -13.27161     118.90000
     -13.25961     115.50000
     -13.24861     112.50000
     -13.23761     110.80000
     -13.22661     111.40000
     -13.21561     115.10000
     -13.20461     121.70000
     -13.19361     130.40000
     -13.18261     139.50000
     -13.17061     147.50000
     -13.15961     153.00000
     -13.14861     155.40000
     -13.13761     154.80000
     -13.12661     151.70000
     -13.11561     146.90000
     -13.10461     140.90000
     -13.09361     134.50000
     -13.08161     128.30000
     -13.07061     123.20000
     -13.05961     120.30000
     -13.04861     120.70000
     -13.03761     124.50000
     -13.02661     131.00000
     -13.01561     138.70000
     -13.00461     145.40000
     -12.99361     149.90000
     -12.98161     151.80000
     -12.97061     151.90000
     -12.95961     151.50000
     -12.94861     151.90000
     -12.93761     153.80000
     -12.92661     156.80000
     -12.91561     159.80000
     -12.90461     161.70000
     -12.89261     161.60000
     -12.88161     159.40000
     -12.87061     155.60000
     -12.85961     151.20000
     -12.84861     147.30000
     -12.83761     144.60000
     -12.82661     143.40000
     -12.81561     143.40000
     -12.80361     144.30000
     -12.79261     146.00000
     -12.78161     148.50000
     -12.77061     152.40000
     -12.75961     157.90000
     -12.74861     164.80000
     -12.73761     172.30000
     -12.72661     179.40000
     -12.71461     185.00000
     -12.70361     188.40000
     -12.69261     189.80000
     -12.68161     190.00000
     -12.67061     189.70000
     -12.65961     189.30000
     -12.64861     188.70000
     -12.63761     187.60000
     -12.62561     185.80000
     -12.61461     183.50000
     -12.60361     180.90000
     -12.59261     178.80000
     -12.58161     177.70000
     -12.57061     178.30000
     -12.55961     181.00000
     -12.54861     185.90000
     -12.53661     192.50000
     -12.52561     199.90000
     -12.51461     207.00000
     -12.50361     212.90000
     -12.49261     217.30000
     -12.48161     220.40000
     -12.47061     222.70000
     -12.45961     224.40000
     -12.44761     225.30000
     -12.43661     224.40000
     -12.42561     220.90000
     -12.41461     214.40000
     -12.40361     205.50000
     -12.39261     195.20000
     -12.38161     184.90000
     -12.37061     175.80000
     -12.35861     168.90000
     -12.34761     165.00000
     -12.33661     164.40000
     -12.32561     167.30000
     -12.31461     172.90000
     -12.30361     180.20000
     -12.29261     187.70000
     -12.28161     193.90000
     -12.26961     197.80000
     -12.25861     198.80000
     -12.24761     197.60000
     -12.23661     195.20000
     -12.22561     192.80000
     -12.21461     191.80000
     -12.20361     193.20000
     -12.19261     197.00000
     -12.18061     202.70000
     -12.16961     209.00000
     -12.15861     214.40000
     -12.14761     217.80000
     -12.13661     218.70000
     -12.12561     217.60000
     -12.11461     214.90000
     -12.10361     211.30000
     -12.09161     206.80000
     -12.08061     201.80000
     -12.06961     196.60000
     -12.05861     192.00000
     -12.04761     189.00000
     -12.03661     188.40000
     -12.02561     189.90000
     -12.01461     192.90000
     -12.00361     196.00000
     -11.99161     197.60000
     -11.98061     196.80000
     -11.96961     194.00000
     -11.95861     190.50000
     -11.94761     188.40000
     -11.93661     189.60000
     -11.92561     194.70000
     -11.91461     202.60000
     -11.90261     210.60000
     -11.89161     215.70000
     -11.88061     216.10000
     -11.86961     212.00000
     -11.85861     204.90000
     -11.84761     197.70000
     -11.83661     192.30000
     -11.82561     189.30000
     -11.81361     188.10000
     -11.80261     187.30000
     -11.79161     186.00000
     -11.78061     184.80000
     -11.76961     184.90000
     -11.75861     188.00000
     -11.74761     194.90000
     -11.73661     205.00000
     -11.72461     216.10000
     -11.71361     225.70000
     -11.70261     231.60000
     -11.69161     232.80000
     -11.68061     229.60000
     -11.66961     223.40000
     -11.65861     216.00000
     -11.64761     209.20000
     -11.63561     203.50000
     -11.62461     198.70000
     -11.61361     194.20000
     -11.60261     189.10000
     -11.59161     183.20000
     -11.58061     177.20000
     -11.56961     172.10000
     -11.55861     168.90000
     -11.54661     168.10000
     -11.53561     169.60000
     -11.52461     173.00000
     -11.51361     177.30000
     -11.50261     181.60000
     -11.49161     185.20000
     -11.48061     186.90000
     -11.46961     186.40000
     -11.45761     183.60000
     -11.44661     179.20000
     -11.43561     174.30000
     -11.42461     170.20000
     -11.41361     167.50000
     -11.40261     165.80000
     -11.39161     164.20000
     -11.38061     161.70000
     -11.36861     157.80000
     -11.35761     152.80000
     -11.34661     147.60000
     -11.33561     143.40000
     -11.32461     140.80000
     -11.31361     139.90000
     -11.30261     140.10000
     -11.29161     140.40000
     -11.27961     139.80000
     -11.26861     137.50000
     -11.25761     133.80000
     -11.24661     129.10000
     -11.23561     124.60000
     -11.22461     121.00000
     -11.21361     119.10000
     -11.20261     118.90000
     -11.19061     120.50000
     -11.17961     123.30000
     -11.16861     127.00000
     -11.15761     131.00000
     -11.14661     134.70000
     -11.13561     137.80000
     -11.12461     139.50000
     -11.11361     139.60000
     -11.10161     137.80000
     -11.09061     134.10000
     -11.07961     129.10000
     -11.06861     123.30000
     -11.05761     117.60000
     -11.04661     113.10000
     -11.03561     110.70000
     -11.02461     111.10000
     -11.01261     114.30000
     -11.00161     119.60000
     -10.99061     125.50000
     -10.97961     130.30000
     -10.96861     132.70000
     -10.95761     131.80000
     -10.94661     127.20000
     -10.93561     119.20000
     -10.92461     108.80000
     -10.91261      97.45000
     -10.90161      86.65000
     -10.89061      77.78000
     -10.87961      71.44000
     -10.86861      67.45000
     -10.85761      65.12000
     -10.84661      63.87000
     -10.83561      63.49000
     -10.82361      64.15000
     -10.81261      65.98000
     -10.80161      68.62000
     -10.79061      71.25000
     -10.77961      72.90000
     -10.76861      72.95000
     -10.75761      71.36000
     -10.74661      68.57000
     -10.73461      65.09000
     -10.72361      61.12000
     -10.71261      56.49000
     -10.70161      50.83000
     -10.69061      43.92000
     -10.67961      35.98000
     -10.66861      27.65000
     -10.65761      19.77000
     -10.64561      13.06000
     -10.63461       7.94600
     -10.62361       4.43200
     -10.61261       2.26200
     -10.60161       1.05400
     -10.59061       0.44760
     -10.57961       0.17310
     -10.56861       0.06088
     -10.55661       0.01946
     -10.54561       0.00565
     -10.53461       0.00149
     -10.52361       0.00036
     -10.51261       0.00008
     -10.50161       0.00002
     -10.49061       0.00000
     -10.47961       0.00000
     -10.46761       0.00000
     -10.45661       0.00000
     -10.44561       0.00000
     -10.43461       0.00000
     -10.42361       0.00000
     -10.41261       0.00000
     -10.40161       0.00000
     -10.39061       0.00000
     -10.37861       0.00000
     -10.36761       0.00000
     -10.35661       0.00000
     -10.34561       0.00000
     -10.33461       0.00000
     -10.32361       0.00000
     -10.31261       0.00000
     -10.30161       0.00000
     -10.28961       0.00000
     -10.27861       0.00000
     -10.26761       0.00000
     -10.25661       0.00000
     -10.24561       0.00001
     -10.23461       0.00003
     -10.22361       0.00015
     -10.21261       0.00068
     -10.20061       0.00272
     -10.18961       0.00992
     -10.17861       0.03283
     -10.16761       0.09883
     -10.15661       0.27080
     -10.14561       0.67660
     -10.13461       1.54400
     -10.12361       3.22300
     -10.11161       6.17800
     -10.10061      10.91000
     -10.08961      17.83000
     -10.07861      27.11000
     -10.06761      38.58000
     -10.05661      51.68000
     -10.04561      65.56000
     -10.03461      79.13000
     -10.02261      91.29000
     -10.01161     101.10000
     -10.00061     108.20000
      -9.98961     112.80000
      -9.97861     115.60000
      -9.96761     117.70000
      -9.95661     119.90000
      -9.94561     122.20000
      -9.93461     124.10000
      -9.92261     125.40000
      -9.91161     126.40000
      -9.90061     128.40000
      -9.88961     133.20000
      -9.87861     141.80000
      -9.86761     153.30000
      -9.85661     165.20000
      -9.84561     173.90000
      -9.83361     176.40000
      -9.82261     171.90000
      -9.81161     162.10000
      -9.80061     150.70000
      -9.78961     141.80000
      -9.77861     138.10000
      -9.76761     140.10000
      -9.75661     146.50000
      -9.74461     155.10000
      -9.73361     163.90000
      -9.72261     171.60000
      -9.71161     178.30000
      -9.70061     184.30000
      -9.68961     190.20000
      -9.67861     196.30000
      -9.66761     203.10000
      -9.65561     210.90000
      -9.64461     220.50000
      -9.63361     232.60000
      -9.62261     247.60000
      -9.61161     264.80000
      -9.60061     282.30000
      -9.58961     297.60000
      -9.57861     308.40000
      -9.56661     313.50000
      -9.55561     313.40000
      -9.54461     310.30000
      -9.53361     306.70000
      -9.52261     304.90000
      -9.51161     306.30000
      -9.50061     311.10000
      -9.48961     318.70000
      -9.47761     328.10000
      -9.46661     338.20000
      -9.45561     348.20000
      -9.44461     357.60000
      -9.43361     366.80000
      -9.42261     376.70000
      -9.41161     388.20000
      -9.40061     401.70000
      -9.38861     416.60000
      -9.37761     431.70000
      -9.36661     445.50000
      -9.35561     457.40000
      -9.34461     467.80000
      -9.33361     477.60000
      -9.32261     488.00000
      -9.31161     499.70000
      -9.29961     512.30000
      -9.28861     524.90000
      -9.27761     536.10000
      -9.26661     544.90000
      -9.25561     551.40000
      -9.24461     556.70000
      -9.23361     562.90000
      -9.22261     571.60000
      -9.21061     584.30000
      -9.19961     601.50000
      -9.18861     622.70000
      -9.17761     646.60000
      -9.16661     671.70000
      -9.15561     695.80000
      -9.14461     717.50000
      -9.13361     735.80000
      -9.12161     750.80000
      -9.11061     763.10000
      -9.09961     773.70000
      -9.08861     782.80000
      -9.07761     790.30000
      -9.06661     795.30000
      -9.05561     797.30000
      -9.04461     796.10000
      -9.03261     792.00000
      -9.02161     785.60000
      -9.01061     777.40000
      -8.99961     767.90000
      -8.98861     757.90000
      -8.97761     748.90000
      -8.96661     742.90000
      -8.95561     742.00000
      -8.94461     747.40000
      -8.93261     759.30000
      -8.92161     776.00000
      -8.91061     795.00000
      -8.89961     812.50000
      -8.88861     824.90000
      -8.87761     829.60000
      -8.86661     826.00000
      -8.85561     815.70000
      -8.84361     802.60000
      -8.83261     791.20000
      -8.82161     785.20000
      -8.81061     786.40000
      -8.79961     794.50000
      -8.78861     807.30000
      -8.77761     821.60000
      -8.76661     834.70000
      -8.75461     845.10000
      -8.74361     853.30000
      -8.73261     861.30000
      -8.72161     871.70000
      -8.71061     886.40000
      -8.69961     905.70000
      -8.68861     927.70000
      -8.67761     948.40000
      -8.66561     963.70000
      -8.65461     970.50000
      -8.64361     968.20000
      -8.63261     959.20000
      -8.62161     948.60000
      -8.61061     942.00000
      -8.59961     944.30000
      -8.58861     957.80000
      -8.57661     981.40000
      -8.56561    1012.00000
      -8.55461    1045.00000
      -8.54361    1077.00000
      -8.53261    1106.00000
      -8.52161    1130.00000
      -8.51061    1151.00000
      -8.49961    1170.00000
      -8.48761    1185.00000
      -8.47661    1197.00000
      -8.46561    1204.00000
      -8.45461    1205.00000
      -8.44361    1201.00000
      -8.43261    1192.00000
      -8.42161    1181.00000
      -8.41061    1168.00000
      -8.39861    1154.00000
      -8.38761    1138.00000
      -8.37661    1121.00000
      -8.36561    1103.00000
      -8.35461    1085.00000
      -8.34361    1070.00000
      -8.33261    1060.00000
      -8.32161    1055.00000
      -8.30961    1056.00000
      -8.29861    1062.00000
      -8.28761    1069.00000
      -8.27661    1075.00000
      -8.26561    1076.00000
      -8.25461    1071.00000
      -8.24361    1060.00000
      -8.23261    1043.00000
      -8.22061    1021.00000
      -8.20961     996.30000
      -8.19861     970.50000
      -8.18761     944.80000
      -8.17661     919.90000
      -8.16561     895.10000
      -8.15461     869.10000
      -8.14361     840.10000
      -8.13161     807.50000
      -8.12061     771.70000
      -8.10961     734.30000
      -8.09861     697.40000
      -8.08761     662.40000
      -8.07661     629.80000
      -8.06561     599.00000
      -8.05461     569.20000
      -8.04261     540.20000
      -8.03161     512.80000
      -8.02061     488.20000
      -8.00961     468.00000
      -7.99861     452.80000
      -7.98761     442.10000
      -7.97661     434.80000
      -7.96561     428.90000
      -7.95461     422.40000
      -7.94261     413.70000
      -7.93161     401.70000
      -7.92061     386.00000
      -7.90961     366.60000
      -7.89861     344.40000
      -7.88761     320.30000
      -7.87661     295.90000
      -7.86561     272.70000
      -7.85361     252.10000
      -7.84261     235.30000
      -7.83161     222.70000
      -7.82061     214.60000
      -7.80961     210.60000
      -7.79861     209.80000
      -7.78761     211.20000
      -7.77661     213.40000
      -7.76461     215.00000
      -7.75361     215.10000
      -7.74261     213.20000
      -7.73161     209.20000
      -7.72061     203.90000
      -7.70961     198.10000
      -7.69861     192.50000
      -7.68761     187.90000
      -7.67561     184.40000
      -7.66461     182.20000
      -7.65361     180.80000
      -7.64261     179.90000
      -7.63161     178.80000
      -7.62061     177.20000
      -7.60961     174.70000
      -7.59861     171.30000
      -7.58661     166.60000
      -7.57561     160.60000
      -7.56461     153.20000
      -7.55361     144.70000
      -7.54261     135.10000
      -7.53161     125.10000
      -7.52061     115.40000
      -7.50961     106.90000
      -7.49761     100.80000
      -7.48661      98.18000
      -7.47561      99.36000
      -7.46461     103.80000
      -7.45361     110.20000
      -7.44261     117.10000
      -7.43161     123.10000
      -7.42061     127.90000
      -7.40861     131.30000
      -7.39761     133.80000
      -7.38661     136.00000
      -7.37561     138.30000
      -7.36461     140.60000
      -7.35361     142.90000
      -7.34261     144.50000
      -7.33161     144.70000
      -7.31961     143.00000
      -7.30861     139.30000
      -7.29761     134.00000
      -7.28661     128.30000
      -7.27561     123.70000
      -7.26461     121.00000
      -7.25361     120.20000
      -7.24261     120.60000
      -7.23061     120.80000
      -7.21961     120.00000
      -7.20861     118.30000
      -7.19761     116.20000
      -7.18661     114.80000
      -7.17561     114.10000
      -7.16461     113.80000
      -7.15361     113.00000
      -7.14161     111.10000
      -7.13061     108.10000
      -7.11961     104.70000
      -7.10861     101.50000
      -7.09761      99.11000
      -7.08661      97.31000
      -7.07561      95.58000
      -7.06461      93.38000
      -7.05261      90.67000
      -7.04161      87.93000
      -7.03061      85.91000
      -7.01961      85.14000
      -7.00861      85.53000
      -6.99761      86.53000
      -6.98661      87.66000
      -6.97561      88.92000
      -6.96461      90.99000
      -6.95261      94.67000
      -6.94161     100.30000
      -6.93061     107.40000
      -6.91961     114.50000
      -6.90861     120.00000
      -6.89761     122.50000
      -6.88661     121.60000
      -6.87561     117.50000
      -6.86361     111.50000
      -6.85261     104.90000
      -6.84161      98.88000
      -6.83061      93.90000
      -6.81961      89.71000
      -6.80861      85.63000
      -6.79761      81.06000
      -6.78661      75.91000
      -6.77461      70.84000
      -6.76361      67.05000
      -6.75261      65.74000
      -6.74161      67.47000
      -6.73061      71.79000
      -6.71961      77.38000
      -6.70861      82.68000
      -6.69761      86.55000
      -6.68561      88.62000
      -6.67461      89.14000
      -6.66361      88.55000
      -6.65261      87.24000
      -6.64161      85.53000
      -6.63061      83.96000
      -6.61961      83.26000
      -6.60861      84.07000
      -6.59661      86.36000
      -6.58561      89.20000
      -6.57461      91.02000
      -6.56361      90.36000
      -6.55261      86.61000
      -6.54161      80.37000
      -6.53061      73.10000
      -6.51961      66.49000
      -6.50761      61.75000
      -6.49661      59.29000
      -6.48561      58.73000
      -6.47461      59.29000
      -6.46361      60.13000
      -6.45261      60.69000
      -6.44161      60.79000
      -6.43061      60.50000
      -6.41861      60.10000
      -6.40761      59.92000
      -6.39661      60.22000
      -6.38561      61.19000
      -6.37461      62.75000
      -6.36361      64.58000
      -6.35261      66.13000
      -6.34161      66.81000
      -6.32961      66.27000
      -6.31861      64.58000
      -6.30761      62.30000
      -6.29661      60.27000
      -6.28561      59.39000
      -6.27461      60.29000
      -6.26361      63.14000
      -6.25261      67.61000
      -6.24061      72.99000
      -6.22961      78.42000
      -6.21861      83.10000
      -6.20761      86.47000
      -6.19661      88.23000
      -6.18561      88.40000
      -6.17461      87.28000
      -6.16361      85.39000
      -6.15161      83.34000
      -6.14061      81.65000
      -6.12961      80.58000
      -6.11861      80.11000
      -6.10761      79.96000
      -6.09661      79.72000
      -6.08561      79.02000
      -6.07461      77.70000
      -6.06261      75.90000
      -6.05161      74.07000
      -6.04061      72.78000
      -6.02961      72.51000
      -6.01861      73.41000
      -6.00761      75.22000
      -5.99661      77.50000
      -5.98561      79.82000
      -5.97361      81.99000
      -5.96261      84.18000
      -5.95161      86.88000
      -5.94061      90.79000
      -5.92961      96.51000
      -5.91861     104.30000
      -5.90761     113.50000
      -5.89661     123.00000
      -5.88561     131.30000
      -5.87361     137.00000
      -5.86261     139.50000
      -5.85161     139.00000
      -5.84061     136.30000
      -5.82961     132.70000
      -5.81861     129.40000
      -5.80761     127.30000
      -5.79661     127.10000
      -5.78461     128.50000
      -5.77361     131.10000
      -5.76261     133.80000
      -5.75161     136.10000
      -5.74061     137.40000
      -5.72961     138.00000
      -5.71861     138.30000
      -5.70761     138.90000
      -5.69561     140.30000
      -5.68461     142.80000
      -5.67361     146.30000
      -5.66261     150.50000
      -5.65161     155.10000
      -5.64061     159.90000
      -5.62961     164.30000
      -5.61861     168.10000
      -5.60661     170.80000
      -5.59561     172.40000
      -5.58461     173.20000
      -5.57361     173.60000
      -5.56261     173.90000
      -5.55161     174.30000
      -5.54061     175.00000
      -5.52961     176.10000
      -5.51761     178.20000
      -5.50661     181.70000
      -5.49561     186.60000
      -5.48461     192.40000
      -5.47361     198.40000
      -5.46261     203.70000
      -5.45161     207.70000
      -5.44061     210.40000
      -5.42861     211.80000
      -5.41761     212.00000
      -5.40661     210.80000
      -5.39561     208.20000
      -5.38461     204.90000
      -5.37361     201.80000
      -5.36261     200.20000
      -5.35161     200.70000
      -5.33961     202.90000
      -5.32861     205.90000
      -5.31761     208.20000
      -5.30661     209.20000
      -5.29561     209.20000
      -5.28461     209.00000
      -5.27361     209.30000
      -5.26261     210.30000
      -5.25061     211.30000
      -5.23961     211.70000
      -5.22861     210.60000
      -5.21761     208.10000
      -5.20661     204.40000
      -5.19561     200.00000
      -5.18461     195.50000
      -5.17361     191.60000
      -5.16161     189.10000
      -5.15061     188.70000
      -5.13961     190.70000
      -5.12861     195.00000
      -5.11761     200.40000
      -5.10661     205.50000
      -5.09561     209.10000
      -5.08461     210.50000
      -5.07261     210.10000
      -5.06161     208.90000
      -5.05061     208.60000
      -5.03961     210.00000
      -5.02861     213.40000
      -5.01761     217.80000
      -5.00661     221.50000
      -4.99561     222.90000
      -4.98361     221.20000
      -4.97261     216.70000
      -4.96161     210.90000
      -4.95061     205.50000
      -4.93961     201.60000
      -4.92861     199.90000
      -4.91761     199.60000
      -4.90661     199.90000
      -4.89561     199.90000
      -4.88361     199.10000
      -4.87261     198.10000
      -4.86161     197.60000
      -4.85061     198.80000
      -4.83961     202.30000
      -4.82861     208.10000
      -4.81761     215.90000
      -4.80661     224.70000
      -4.79461     233.40000
      -4.78361     240.80000
      -4.77261     246.10000
      -4.76161     248.70000
      -4.75061     248.10000
      -4.73961     244.60000
      -4.72861     238.40000
      -4.71761     230.30000
      -4.70561     221.90000
      -4.69461     214.60000
      -4.68361     210.10000
      -4.67261     209.50000
      -4.66161     212.60000
      -4.65061     218.50000
      -4.63961     225.40000
      -4.62861     231.60000
      -4.61661     236.00000
      -4.60561     238.60000
      -4.59461     240.20000
      -4.58361     242.40000
      -4.57261     246.20000
      -4.56161     252.00000
      -4.55061     259.00000
      -4.53961     265.70000
      -4.52761     270.90000
      -4.51661     273.70000
      -4.50561     274.50000
      -4.49461     274.20000
      -4.48361     273.90000
      -4.47261     274.00000
      -4.46161     273.90000
      -4.45061     272.90000
      -4.43861     270.30000
      -4.42761     266.20000
      -4.41661     261.60000
      -4.40561     258.00000
      -4.39461     256.50000
      -4.38361     257.40000
      -4.37261     260.10000
      -4.36161     263.40000
      -4.34961     265.90000
      -4.33861     267.00000
      -4.32761     266.60000
      -4.31661     265.10000
      -4.30561     262.50000
      -4.29461     258.50000
      -4.28361     252.70000
      -4.27261     245.10000
      -4.26061     236.50000
      -4.24961     228.30000
      -4.23861     222.20000
      -4.22761     219.90000
      -4.21661     222.10000
      -4.20561     229.00000
      -4.19461     239.80000
      -4.18361     253.20000
      -4.17161     267.10000
      -4.16061     279.50000
      -4.14961     288.90000
      -4.13861     294.60000
      -4.12761     296.80000
      -4.11661     296.40000
      -4.10561     294.60000
      -4.09461     291.90000
      -4.08261     288.10000
      -4.07161     283.00000
      -4.06061     276.00000
      -4.04961     267.70000
      -4.03861     259.10000
      -4.02761     252.10000
      -4.01661     248.00000
      -4.00561     247.40000
      -3.99361     249.30000
      -3.98261     252.10000
      -3.97161     254.30000
      -3.96061     254.90000
      -3.94961     253.90000
      -3.93861     252.30000
      -3.92761     250.90000
      -3.91661     250.60000
      -3.90561     251.80000
      -3.89361     254.30000
      -3.88261     257.30000
      -3.87161     260.20000
      -3.86061     262.00000
      -3.84961     262.10000
      -3.83861     260.30000
      -3.82761     257.10000
      -3.81661     253.20000
      -3.80461     250.30000
      -3.79361     249.40000
      -3.78261     251.20000
      -3.77161     255.50000
      -3.76061     261.20000
      -3.74961     266.80000
      -3.73861     271.00000
      -3.72761     272.90000
      -3.71561     271.90000
      -3.70461     268.20000
      -3.69361     262.50000
      -3.68261     256.00000
      -3.67161     250.30000
      -3.66061     247.30000
      -3.64961     247.90000
      -3.63861     252.10000
      -3.62661     258.70000
      -3.61561     265.70000
      -3.60461     271.70000
      -3.59361     276.10000
      -3.58261     279.50000
      -3.57161     282.90000
      -3.56061     287.20000
      -3.54961     292.00000
      -3.53761     296.10000
      -3.52661     297.80000
      -3.51561     295.90000
      -3.50461     290.30000
      -3.49361     282.30000
      -3.48261     273.70000
      -3.47161     266.60000
      -3.46061     262.40000
      -3.44861     261.30000
      -3.43761     262.70000
      -3.42661     265.30000
      -3.41561     268.00000
      -3.40461     270.00000
      -3.39361     271.50000
      -3.38261     273.40000
      -3.37161     276.40000
      -3.35961     280.90000
      -3.34861     286.30000
      -3.33761     291.60000
      -3.32661     295.60000
      -3.31561     297.70000
      -3.30461     297.90000
      -3.29361     296.80000
      -3.28261     295.10000
      -3.27061     293.70000
      -3.25961     292.80000
      -3.24861     292.60000
      -3.23761     292.90000
      -3.22661     293.40000
      -3.21561     294.10000
      -3.20461     294.90000
      -3.19361     295.80000
      -3.18161     296.60000
      -3.17061     297.10000
      -3.15961     296.80000
      -3.14861     295.30000
      -3.13761     292.60000
      -3.12661     288.80000
      -3.11561     284.30000
      -3.10461     279.50000
      -3.09261     274.90000
      -3.08161     271.00000
      -3.07061     268.50000
      -3.05961     267.70000
      -3.04861     268.80000
      -3.03761     271.90000
      -3.02661     276.40000
      -3.01561     281.70000
      -3.00361     286.70000
      -2.99261     290.50000
      -2.98161     292.30000
      -2.97061     291.60000
      -2.95961     288.50000
      -2.94861     283.50000
      -2.93761     277.40000
      -2.92661     271.00000
      -2.91561     265.30000
      -2.90361     260.50000
      -2.89261     256.90000
      -2.88161     254.90000
      -2.87061     255.00000
      -2.85961     257.30000
      -2.84861     261.40000
      -2.83761     266.40000
      -2.82661     270.80000
      -2.81461     273.60000
      -2.80361     274.20000
      -2.79261     273.00000
      -2.78161     270.90000
      -2.77061     268.90000
      -2.75961     267.40000
      -2.74861     266.40000
      -2.73761     265.80000
      -2.72561     265.00000
      -2.71461     264.20000
      -2.70361     263.20000
      -2.69261     262.50000
      -2.68161     262.00000
      -2.67061     261.70000
      -2.65961     261.40000
      -2.64861     261.10000
      -2.63661     260.80000
      -2.62561     260.90000
      -2.61461     261.90000
      -2.60361     264.40000
      -2.59261     268.60000
      -2.58161     274.30000
      -2.57061     280.50000
      -2.55961     285.80000
      -2.54761     288.90000
      -2.53661     288.80000
      -2.52561     285.60000
      -2.51461     279.70000
      -2.50361     272.00000
      -2.49261     263.90000
      -2.48161     256.80000
      -2.47061     251.90000
      -2.45861     250.20000
      -2.44761     251.90000
      -2.43661     256.00000
      -2.42561     260.90000
      -2.41461     264.30000
      -2.40361     264.40000
      -2.39261     260.70000
      -2.38161     253.90000
      -2.36961     246.30000
      -2.35861     240.50000
      -2.34761     238.40000
      -2.33661     240.70000
      -2.32561     246.60000
      -2.31461     254.20000
      -2.30361     261.30000
      -2.29261     266.30000
      -2.28061     267.90000
      -2.26961     266.10000
      -2.25861     261.50000
      -2.24761     255.80000
      -2.23661     250.90000
      -2.22561     248.10000
      -2.21461     248.40000
      -2.20361     251.10000
      -2.19161     254.80000
      -2.18061     257.50000
      -2.16961     257.60000
      -2.15861     254.60000
      -2.14761     249.40000
      -2.13661     243.70000
      -2.12561     240.00000
      -2.11461     239.50000
      -2.10261     242.60000
      -2.09161     248.20000
      -2.08061     254.50000
      -2.06961     260.20000
      -2.05861     264.20000
      -2.04761     266.30000
      -2.03661     266.40000
      -2.02561     264.80000
      -2.01361     261.90000
      -2.00261     258.10000
      -1.99161     254.50000
      -1.98061     251.70000
      -1.96961     250.40000
      -1.95861     250.70000
      -1.94761     252.50000
      -1.93661     255.70000
      -1.92561     259.40000
      -1.91361     263.00000
      -1.90261     265.30000
      -1.89161     265.40000
      -1.88061     262.60000
      -1.86961     256.70000
      -1.85861     248.30000
      -1.84761     239.00000
      -1.83661     230.70000
      -1.82461     225.20000
      -1.81361     223.80000
      -1.80261     226.50000
      -1.79161     232.30000
      -1.78061     239.50000
      -1.76961     246.00000
      -1.75861     250.30000
      -1.74761     251.40000
      -1.73561     249.20000
      -1.72461     244.00000
      -1.71361     236.80000
      -1.70261     229.10000
      -1.69161     222.10000
      -1.68061     216.80000
      -1.66961     213.30000
      -1.65861     211.60000
      -1.64661     211.20000
      -1.63561     211.80000
      -1.62461     213.20000
      -1.61361     215.10000
      -1.60261     217.10000
      -1.59161     218.50000
      -1.58061     218.40000
      -1.56961     216.10000
      -1.55761     211.60000
      -1.54661     205.70000
      -1.53561     199.50000
      -1.52461     194.10000
      -1.51361     190.50000
      -1.50261     188.80000
      -1.49161     188.80000
      -1.48061     190.20000
      -1.46861     192.50000
      -1.45761     195.40000
      -1.44661     197.90000
      -1.43561     198.90000
      -1.42461     197.70000
      -1.41361     194.00000
      -1.40261     188.80000
      -1.39161     183.70000
      -1.37961     180.90000
      -1.36861     181.40000
      -1.35761     185.00000
      -1.34661     190.30000
      -1.33561     194.90000
      -1.32461     196.70000
      -1.31361     194.50000
      -1.30261     189.00000
      -1.29061     181.70000
      -1.27961     175.20000
      -1.26861     171.60000
      -1.25761     171.80000
      -1.24661     175.30000
      -1.23561     180.80000
      -1.22461     186.30000
      -1.21361     190.50000
      -1.20161     192.80000
      -1.19061     193.10000
      -1.17961     191.90000
      -1.16861     189.20000
      -1.15761     185.60000
      -1.14661     181.30000
      -1.13561     177.20000
      -1.12461     174.30000
      -1.11261     173.30000
      -1.10161     174.40000
      -1.09061     176.80000
      -1.07961     179.30000
      -1.06861     180.60000
      -1.05761     180.30000
      -1.04661     178.40000
      -1.03561     175.70000
      -1.02361     173.30000
      -1.01261     171.70000
      -1.00161     170.70000
      -0.99061     169.80000
      -0.97961     168.30000
      -0.96861     165.90000
      -0.95761     163.10000
      -0.94661     161.00000
      -0.93561     160.40000
      -0.92361     161.80000
      -0.91261     164.20000
      -0.90161     166.00000
      -0.89061     165.70000
      -0.87961     162.20000
      -0.86861     155.70000
      -0.85761     147.30000
      -0.84661     138.40000
      -0.83461     130.20000
      -0.82361     123.60000
      -0.81261     118.60000
      -0.80161     115.40000
      -0.79061     114.10000
      -0.77961     114.70000
      -0.76861     117.10000
      -0.75761     120.70000
      -0.74561     124.80000
      -0.73461     128.10000
      -0.72361     129.80000
      -0.71261     129.40000
      -0.70161     127.00000
      -0.69061     123.00000
      -0.67961     117.90000
      -0.66861     112.20000
      -0.65661     106.40000
      -0.64561     101.20000
      -0.63461      96.95000
      -0.62361      93.70000
      -0.61261      91.22000
      -0.60161      89.10000
      -0.59061      87.10000
      -0.57961      85.33000
      -0.56761      84.30000
      -0.55661      84.64000
      -0.54561      86.78000
      -0.53461      90.69000
      -0.52361      95.82000
      -0.51261     101.20000
      -0.50161     106.00000
      -0.49061     109.10000
      -0.47861     110.20000
      -0.46761     109.30000
      -0.45661     106.70000
      -0.44561     102.80000
      -0.43461      98.17000
      -0.42361      92.89000
      -0.41261      86.85000
      -0.40161      79.90000
      -0.38961      72.28000
      -0.37861      64.78000
      -0.36761      58.72000
      -0.35661      55.47000
      -0.34561      55.79000
      -0.33461      59.31000
      -0.32361      64.55000
      -0.31261      69.41000
      -0.30061      72.09000
      -0.28961      71.86000
      -0.27861      69.24000
      -0.26761      65.70000
      -0.25661      62.89000
      -0.24561      61.99000
      -0.23461      63.28000
      -0.22361      66.23000
      -0.21161      69.63000
      -0.20061      72.10000
      -0.18961      72.43000
      -0.17861      70.05000
      -0.16761      65.19000
      -0.15661      58.75000
      -0.14561      51.86000
      -0.13461      45.46000
      -0.12261      40.02000
      -0.11161      35.60000
      -0.10061      32.16000
      -0.08961      29.71000
      -0.07861      28.25000
      -0.06761      27.58000
      -0.05661      27.19000
      -0.04561      26.44000
      -0.03361      24.88000
      -0.02261      22.63000
      -0.01161      20.30000
      -0.00061      18.76000
       0.01039      18.59000
       0.02139      19.79000
       0.03239      21.71000
       0.04339      23.36000
       0.05539      23.97000
       0.06639      23.36000
       0.07739      22.10000
       0.08839      21.26000
       0.09939      21.92000
       0.11039      24.63000
       0.12139      29.12000
       0.13239      34.38000
       0.14339      38.92000
       0.15539      41.35000
       0.16639      40.82000
       0.17739      37.26000
       0.18839      31.37000
       0.19939      24.31000
       0.21039      17.32000
       0.22139      11.32000
       0.23239       6.77700
       0.24439       3.71000
       0.25539       1.85400
       0.26639       0.84510
       0.27739       0.35080
       0.28839       0.13250
       0.29939       0.04552
       0.31039       0.01424
       0.32139       0.00421
       0.33339       0.00183
       0.34439       0.00337
       0.35539       0.01122
       0.36639       0.03624
       0.37739       0.10660
       0.38839       0.28490
       0.39939       0.69170
       0.41039       1.52800
       0.42239       3.07300
       0.43339       5.64400
       0.44439       9.49200
       0.45539      14.68000
       0.46639      20.99000
       0.47739      27.95000
       0.48839      34.99000
       0.49939      41.61000
       0.51139      47.51000
       0.52239      52.58000
       0.53339      56.82000
       0.54439      60.19000
       0.55539      62.58000
       0.56639      63.87000
       0.57739      63.95000
       0.58839      62.83000
       0.60039      60.66000
       0.61139      57.68000
       0.62239      54.25000
       0.63339      50.77000
       0.64439      47.58000
       0.65539      44.96000
       0.66639      43.15000
       0.67739      42.40000
       0.68939      43.00000
       0.70039      45.13000
       0.71139      48.72000
       0.72239      53.33000
       0.73339      58.16000
       0.74439      62.31000
       0.75539      65.09000
       0.76639      66.28000
       0.77839      66.21000
       0.78939      65.67000
       0.80039      65.60000
       0.81139      66.74000
       0.82239      69.43000
       0.83339      73.48000
       0.84439      78.22000
       0.85539      82.75000
       0.86739      86.26000
       0.87839      88.27000
       0.88939      88.91000
       0.90039      88.74000
       0.91139      88.60000
       0.92239      89.25000
       0.93339      91.19000
       0.94439      94.53000
       0.95639      99.02000
       0.96739     104.10000
       0.97839     108.70000
       0.98939     112.20000
       1.00039     113.70000
       1.01139     113.50000
       1.02239     112.20000
       1.03339     111.10000
       1.04539     111.20000
       1.05639     113.10000
       1.06739     116.90000
       1.07839     121.80000
       1.08939     127.00000
       1.10039     131.50000
       1.11139     134.60000
       1.12239     136.50000
       1.13339     137.70000
       1.14539     139.00000
       1.15639     140.80000
       1.16739     143.10000
       1.17839     145.30000
       1.18939     146.60000
       1.20039     146.20000
       1.21139     144.00000
       1.22239     140.30000
       1.23439     136.10000
       1.24539     132.90000
       1.25639     131.90000
       1.26739     134.30000
       1.27839     140.20000
       1.28939     148.40000
       1.30039     157.30000
       1.31139     164.90000
       1.32339     170.20000
       1.33439     173.10000
       1.34539     174.50000
       1.35639     175.70000
       1.36739     177.70000
       1.37839     180.50000
       1.38939     183.50000
       1.40039     185.90000
       1.41239     187.20000
       1.42339     187.30000
       1.43439     186.50000
       1.44539     185.20000
       1.45639     183.60000
       1.46739     182.10000
       1.47839     181.40000
       1.48939     182.10000
       1.50139     184.60000
       1.51239     188.60000
       1.52339     193.20000
       1.53439     197.20000
       1.54539     199.40000
       1.55639     199.60000
       1.56739     198.10000
       1.57839     195.80000
       1.59039     193.50000
       1.60139     191.90000
       1.61239     191.50000
       1.62339     192.70000
       1.63439     195.70000
       1.64539     200.70000
       1.65639     207.00000
       1.66739     213.80000
       1.67939     219.60000
       1.69039     222.80000
       1.70139     222.60000
       1.71239     218.90000
       1.72339     212.10000
       1.73439     203.20000
       1.74539     193.40000
       1.75639     184.00000
       1.76839     176.10000
       1.77939     171.00000
       1.79039     169.40000
       1.80139     171.00000
       1.81239     175.10000
       1.82339     179.80000
       1.83439     183.40000
       1.84539     184.40000
       1.85739     182.20000
       1.86839     177.30000
       1.87939     171.30000
       1.89039     166.30000
       1.90139     164.60000
       1.91239     167.60000
       1.92339     175.80000
       1.93439     188.30000
       1.94639     203.40000
       1.95739     218.30000
       1.96839     230.50000
       1.97939     238.00000
       1.99039     239.80000
       2.00139     236.60000
       2.01239     229.90000
       2.02339     222.20000
       2.03539     215.40000
       2.04639     210.80000
       2.05739     208.50000
       2.06839     207.90000
       2.07939     208.20000
       2.09039     209.00000
       2.10139     210.10000
       2.11239     211.80000
       2.12339     213.70000
       2.13539     215.00000
       2.14639     214.70000
       2.15739     212.00000
       2.16839     207.20000
       2.17939     201.40000
       2.19039     196.60000
       2.20139     194.00000
       2.21239     194.20000
       2.22439     196.50000
       2.23539     199.70000
       2.24639     202.80000
       2.25739     205.10000
       2.26839     206.30000
       2.27939     206.80000
       2.29039     207.00000
       2.30139     207.50000
       2.31339     208.70000
       2.32439     210.70000
       2.33539     213.60000
       2.34639     217.00000
       2.35739     220.60000
       2.36839     223.50000
       2.37939     225.20000
       2.39039     225.20000
       2.40239     223.50000
       2.41339     220.40000
       2.42439     216.90000
       2.43539     214.00000
       2.44639     212.60000
       2.45739     212.90000
       2.46839     214.60000
       2.47939     216.50000
       2.49139     217.70000
       2.50239     217.90000
       2.51339     217.30000
       2.52439     216.80000
       2.53539     216.80000
       2.54639     217.30000
       2.55739     217.70000
       2.56839     217.10000
       2.58039     215.10000
       2.59139     212.00000
       2.60239     208.50000
       2.61339     205.60000
       2.62439     203.90000
       2.63539     203.70000
       2.64639     204.80000
       2.65739     207.00000
       2.66939     210.20000
       2.68039     214.30000
       2.69139     219.40000
       2.70239     224.90000
       2.71339     229.90000
       2.72439     233.20000
       2.73539     233.80000
       2.74639     231.40000
       2.75839     226.40000
       2.76939     220.00000
       2.78039     214.10000
       2.79139     210.60000
       2.80239     210.70000
       2.81339     214.60000
       2.82439     221.40000
       2.83539     229.40000
       2.84739     236.80000
       2.85839     242.40000
       2.86939     245.50000
       2.88039     246.00000
       2.89139     244.40000
       2.90239     241.60000
       2.91339     238.80000
       2.92439     236.90000
       2.93639     236.40000
       2.94739     237.10000
       2.95839     237.70000
       2.96939     237.20000
       2.98039     234.80000
       2.99139     231.20000
       3.00239     227.40000
       3.01339     224.80000
       3.02539     224.50000
       3.03639     226.40000
       3.04739     230.10000
       3.05839     234.60000
       3.06939     239.00000
       3.08039     242.80000
       3.09139     246.00000
       3.10239     248.80000
       3.11339     251.30000
       3.12539     253.40000
       3.13639     254.80000
       3.14739     255.00000
       3.15839     253.70000
       3.16939     251.30000
       3.18039     248.50000
       3.19139     246.40000
       3.20239     246.00000
       3.21439     247.50000
       3.22539     250.60000
       3.23639     254.50000
       3.24739     258.30000
       3.25839     261.50000
       3.26939     264.10000
       3.28039     266.50000
       3.29139     268.80000
       3.30339     271.00000
       3.31439     272.50000
       3.32539     272.90000
       3.33639     271.60000
       3.34739     269.10000
       3.35839     266.00000
       3.36939     263.20000
       3.38039     261.10000
       3.39239     259.90000
       3.40339     259.30000
       3.41439     259.30000
       3.42539     259.90000
       3.43639     261.20000
       3.44739     262.90000
       3.45839     264.40000
       3.46939     265.10000
       3.48139     264.50000
       3.49239     263.20000
       3.50339     262.00000
       3.51439     261.20000
       3.52539     261.00000
       3.53639     260.60000
       3.54739     259.50000
       3.55839     257.80000
       3.57039     256.10000
       3.58139     255.60000
       3.59239     257.10000
       3.60339     261.00000
       3.61439     267.20000
       3.62539     274.90000
       3.63639     283.50000
       3.64739     291.70000
       3.65939     298.30000
       3.67039     301.80000
       3.68139     300.70000
       3.69239     294.70000
       3.70339     284.60000
       3.71439     272.60000
       3.72539     261.60000
       3.73639     254.40000
       3.74839     252.20000
       3.75939     255.40000
       3.77039     262.60000
       3.78139     271.90000
       3.79239     280.80000
       3.80339     287.60000
       3.81439     291.30000
       3.82539     291.80000
       3.83739     290.00000
       3.84839     286.80000
       3.85939     283.30000
       3.87039     280.10000
       3.88139     277.60000
       3.89239     275.70000
       3.90339     274.10000
       3.91439     272.40000
       3.92639     270.50000
       3.93739     268.10000
       3.94839     265.30000
       3.95939     262.50000
       3.97039     260.20000
       3.98139     259.30000
       3.99239     260.60000
       4.00339     264.30000
       4.01539     270.20000
       4.02639     277.40000
       4.03739     284.70000
       4.04839     290.70000
       4.05939     294.60000
       4.07039     296.20000
       4.08139     295.60000
       4.09239     293.20000
       4.10339     289.90000
       4.11539     286.30000
       4.12639     283.00000
       4.13739     280.40000
       4.14839     278.90000
       4.15939     278.20000
       4.17039     278.30000
       4.18139     279.00000
       4.19239     280.30000
       4.20439     282.50000
       4.21539     285.70000
       4.22639     289.70000
       4.23739     294.30000
       4.24839     298.50000
       4.25939     301.40000
       4.27039     302.30000
       4.28139     301.00000
       4.29339     297.70000
       4.30439     293.30000
       4.31539     288.60000
       4.32639     284.60000
       4.33739     281.80000
       4.34839     280.70000
       4.35939     281.10000
       4.37039     282.80000
       4.38239     285.50000
       4.39339     288.70000
       4.40439     292.40000
       4.41539     295.80000
       4.42639     298.20000
       4.43739     298.30000
       4.44839     295.20000
       4.45939     289.00000
       4.47139     281.00000
       4.48239     273.20000
       4.49339     267.40000
       4.50439     264.80000
       4.51539     265.30000
       4.52639     268.60000
       4.53739     273.90000
       4.54839     280.50000
       4.56039     287.50000
       4.57139     293.60000
       4.58239     297.40000
       4.59339     297.90000
       4.60439     295.10000
       4.61539     290.20000
       4.62639     285.30000
       4.63739     282.60000
       4.64939     283.00000
       4.66039     286.50000
       4.67139     291.20000
       4.68239     295.10000
       4.69339     296.20000
       4.70439     294.10000
       4.71539     289.80000
       4.72639     285.30000
       4.73839     282.70000
       4.74939     283.50000
       4.76039     287.80000
       4.77139     294.30000
       4.78239     301.00000
       4.79339     306.00000
       4.80439     308.20000
       4.81539     307.70000
       4.82739     305.30000
       4.83839     302.00000
       4.84939     299.00000
       4.86039     296.70000
       4.87139     295.40000
       4.88239     294.70000
       4.89339     294.10000
       4.90439     292.60000
       4.91639     289.60000
       4.92739     284.70000
       4.93839     277.60000
       4.94939     268.50000
       4.96039     257.50000
       4.97139     244.90000
       4.98239     230.30000
       4.99339     213.20000
       5.00539     193.30000
       5.01639     170.20000
       5.02739     144.40000
       5.03839     117.00000
       5.04939      89.88000
       5.06039      64.98000
       5.07139      43.94000
       5.08239      27.63000
       5.09339      16.09000
       5.10539       8.63900
       5.11639       4.26600
       5.12739       1.93200
       5.13839       0.80080
       5.14939       0.30330
       5.16039       0.10480
       5.17139       0.03302
       5.18239       0.00947
       5.19439       0.00247
       5.20539       0.00059
       5.21639       0.00013
       5.22739       0.00002
       5.23839       0.00000
       5.24939       0.00000
       5.26039       0.00000
       5.27139       0.00000
       5.28339       0.00000
       5.29439       0.00000
       5.30539       0.00000
       5.31639       0.00000
       5.32739       0.00000
       5.33839       0.00000
       5.34939       0.00000
       5.36039       0.00000
       5.37239       0.00000
       5.38339       0.00000
       5.39439       0.00000
       5.40539       0.00000
       5.41639       0.00000
       5.42739       0.00000
       5.43839       0.00000
       5.44939       0.00000
       5.46139       0.00000
       5.47239       0.00000
       5.48339       0.00000
       5.49439       0.00000
       5.50539       0.00000
       5.51639       0.00000
       5.52739       0.00000
       5.53839       0.00000
       5.55039       0.00000
       5.56139       0.00000
       5.57239       0.00000
       5.58339       0.00000
       5.59439       0.00000
       5.60539       0.00000
       5.61639       0.00000
       5.62739       0.00000
       5.63939       0.00000
       5.65039       0.00000
       5.66139       0.00000
       5.67239       0.00000
       5.68339       0.00000
       5.69439       0.00000
       5.70539       0.00000
       5.71639       0.00000
       5.72839       0.00000
       5.73939       0.00000
       5.75039       0.00000
       5.76139       0.00000
       5.77239       0.00000
       5.78339       0.00000
       5.79439       0.00000
       5.80539       0.00000
       5.81739       0.00000
       5.82839       0.00000
       5.83939       0.00000
       5.85039       0.00000
       5.86139       0.00000
       5.87239       0.00000
       5.88339       0.00000
       5.89439       0.00000
       5.90639       0.00000
       5.91739       0.00000
       5.92839       0.00000
       5.93939       0.00000
       5.95039       0.00000
       5.96139       0.00000
       5.97239       0.00000
       5.98339       0.00000
       5.99539       0.00000
       6.00639       0.00000
       6.01739       0.00000
       6.02839       0.00000
       6.03939       0.00000
       6.05039       0.00000
       6.06139       0.00000
       6.07239       0.00000
       6.08439       0.00000
       6.09539       0.00000
       6.10639       0.00000
       6.11739       0.00000
       6.12839       0.00000
       6.13939       0.00000
       6.15039       0.00000
       6.16139       0.00000
       6.17239       0.00000
       6.18439       0.00000
       6.19539       0.00000
       6.20639       0.00000
       6.21739       0.00000
       6.22839       0.00000
       6.23939       0.00000
       6.25039       0.00000
       6.26139       0.00000
       6.27339       0.00000
       6.28439       0.00000
       6.29539       0.00000
       6.30639       0.00000
       6.31739       0.00000
       6.32839       0.00000
       6.33939       0.00000
       6.35039       0.00000
       6.36239       0.00000
       6.37339       0.00000
       6.38439       0.00000
       6.39539       0.00000
       6.40639       0.00000
       6.41739       0.00000
       6.42839       0.00000
       6.43939       0.00000
       6.45139       0.00000
       6.46239       0.00000
       6.47339       0.00000
       6.48439       0.00000
       6.49539       0.00000
       6.50639       0.00000
       6.51739       0.00000
       6.52839       0.00000
       6.54039       0.00000
       6.55139       0.00000
